pdbid,chainid,variant,score,pe_wt,pe_mt,log_proba_wt,log_proba_mt,log_proba_mt__minus__log_proba_wt
1PGA,A,M1A,-0.1407,-0.18423203,-0.205017,-2.966332,-2.987117,-0.020785093
1PGA,A,M1D,-0.3795,-0.18423203,-0.19857645,-2.966332,-2.9806764,-0.014344454
1PGA,A,M1E,-0.6414,-0.18423203,-0.20250908,-2.966332,-2.9846091,-0.018277168
1PGA,A,M1L,-0.4573,-0.18423203,-0.16030309,-2.966332,-2.942403,0.02392888
1PGA,A,T2E,-0.1299,-0.2023404,-0.22901559,-2.9733384,-3.0000134,-0.026674986
1PGA,A,T2F,-0.3008,-0.2023404,-0.17585862,-2.9733384,-2.9468565,0.026481867
1PGA,A,T2G,0.668,-0.2023404,-0.36157775,-2.9733384,-3.1325755,-0.15923715
1PGA,A,T2H,0.1303,-0.2023404,-0.2171957,-2.9733384,-2.9881935,-0.014855146
1PGA,A,T2I,-1.004,-0.2023404,-0.14454424,-2.9733384,-2.9155421,0.05779624
1PGA,A,T2L,-0.5417,-0.2023404,-0.16890118,-2.9733384,-2.939899,0.033439398
1PGA,A,T2N,0.1427,-0.2023404,-0.2281808,-2.9733384,-2.9991786,-0.025840282
1PGA,A,T2Q,-0.3391,-0.2023404,-0.22964492,-2.9733384,-3.0006428,-0.027304411
1PGA,A,T2R,-0.09091,-0.2023404,-0.21571648,-2.9733384,-2.9867144,-0.013375998
1PGA,A,Y3A,4.0,0.066461086,-0.37293506,-2.6307073,-3.0701034,-0.43939614
1PGA,A,Y3D,4.0,0.066461086,-0.46746865,-2.6307073,-3.164637,-0.5339298
1PGA,A,Y3E,4.0,0.066461086,-0.46950793,-2.6307073,-3.1666763,-0.535969
1PGA,A,Y3F,-0.5499,0.066461086,0.06453338,-2.6307073,-2.6326349,-0.0019276142
1PGA,A,Y3G,1.442,0.066461086,-0.53685373,-2.6307073,-3.2340221,-0.6033149
1PGA,A,Y3H,4.0,0.066461086,-0.18195386,-2.6307073,-2.8791223,-0.248415
1PGA,A,Y3I,3.293,0.066461086,-0.23823476,-2.6307073,-2.935403,-0.30469584
1PGA,A,Y3K,-0.8849,0.066461086,-0.47870642,-2.6307073,-3.1758747,-0.54516745
1PGA,A,Y3L,3.308,0.066461086,-0.18549757,-2.6307073,-2.8826659,-0.2519586
1PGA,A,Y3M,2.602,0.066461086,-0.22635956,-2.6307073,-2.923528,-0.2928207
1PGA,A,Y3N,4.0,0.066461086,-0.33816144,-2.6307073,-3.0353298,-0.40462255
1PGA,A,Y3P,4.0,0.066461086,-0.5647972,-2.6307073,-3.2619655,-0.63125825
1PGA,A,Y3Q,4.0,0.066461086,-0.36964682,-2.6307073,-3.0668151,-0.43610787
1PGA,A,Y3S,4.0,0.066461086,-0.45553583,-2.6307073,-3.1527042,-0.521997
1PGA,A,Y3T,4.0,0.066461086,-0.3686703,-2.6307073,-3.0658386,-0.4351313
1PGA,A,Y3V,4.0,0.066461086,-0.24343212,-2.6307073,-2.9406004,-0.30989313
1PGA,A,K4A,0.3378,-0.20475498,-0.24338672,-2.9607258,-2.9993575,-0.038631678
1PGA,A,K4D,2.054,-0.20475498,-0.33916292,-2.9607258,-3.0951338,-0.134408
1PGA,A,K4E,1.356,-0.20475498,-0.2716854,-2.9607258,-3.027656,-0.066930294
1PGA,A,K4F,-1.04,-0.20475498,-0.18530695,-2.9607258,-2.9412777,0.019448042
1PGA,A,K4G,1.228,-0.20475498,-0.38404638,-2.9607258,-3.1400173,-0.17929149
1PGA,A,K4H,-0.7357,-0.20475498,-0.23316129,-2.9607258,-2.9891322,-0.028406382
1PGA,A,K4I,-1.082,-0.20475498,-0.16569582,-2.9607258,-2.9216666,0.039059162
1PGA,A,L5A,2.013,0.019910354,-0.31504437,-2.6838534,-3.0188081,-0.33495474
1PGA,A,L5D,4.0,0.019910354,-0.39206943,-2.6838534,-3.0958333,-0.4119799
1PGA,A,L5E,4.0,0.019910354,-0.36746544,-2.6838534,-3.0712292,-0.38737583
1PGA,A,L5F,0.4703,0.019910354,-0.09673292,-2.6838534,-2.8004966,-0.11664319
1PGA,A,L5G,4.0,0.019910354,-0.50891817,-2.6838534,-3.2126818,-0.5288284
1PGA,A,L5H,4.0,0.019910354,-0.22211464,-2.6838534,-2.9258783,-0.2420249
1PGA,A,L5I,1.341,0.019910354,-0.12299086,-2.6838534,-2.8267546,-0.14290118
1PGA,A,L5K,4.0,0.019910354,-0.53703696,-2.6838534,-3.2408006,-0.55694723
1PGA,A,I6A,1.252,-0.11795844,-0.2830541,-2.8750834,-3.040179,-0.16509557
1PGA,A,I6D,1.965,-0.11795844,-0.2824476,-2.8750834,-3.0395727,-0.16448927
1PGA,A,I6E,1.028,-0.11795844,-0.26099333,-2.8750834,-3.0181184,-0.14303493
1PGA,A,I6F,0.1041,-0.11795844,-0.15514362,-2.8750834,-2.9122686,-0.037185192
1PGA,A,I6G,3.076,-0.11795844,-0.4293024,-2.8750834,-3.1864274,-0.3113439
1PGA,A,I6H,1.059,-0.11795844,-0.21040419,-2.8750834,-2.9675293,-0.09244585
1PGA,A,L7A,1.404,-0.106090024,-0.35255092,-2.817385,-3.0638459,-0.24646091
1PGA,A,L7D,3.108,-0.106090024,-0.43437856,-2.817385,-3.1456735,-0.32828856
1PGA,A,L7E,2.786,-0.106090024,-0.38707995,-2.817385,-3.0983748,-0.2809899
1PGA,A,L7F,-0.2555,-0.106090024,-0.13426398,-2.817385,-2.845559,-0.028173923
1PGA,A,L7G,4.0,-0.106090024,-0.54876626,-2.817385,-3.2600613,-0.4426763
1PGA,A,L7H,1.591,-0.106090024,-0.2965593,-2.817385,-3.0078542,-0.19046926
1PGA,A,L7I,-0.9735,-0.106090024,-0.029371887,-2.817385,-2.7406669,0.07671809
1PGA,A,N8A,0.2819,-0.16737592,-0.24755645,-2.9372356,-3.017416,-0.08018041
1PGA,A,N8D,-0.1878,-0.16737592,-0.19902061,-2.9372356,-2.9688802,-0.031644583
1PGA,A,N8E,0.007481,-0.16737592,-0.23768544,-2.9372356,-3.007545,-0.0703094
1PGA,A,N8F,-0.3487,-0.16737592,-0.16540824,-2.9372356,-2.935268,0.0019676685
1PGA,A,N8G,0.8506,-0.16737592,-0.3421325,-2.9372356,-3.1119921,-0.17475653
1PGA,A,N8H,-0.2423,-0.16737592,-0.1939047,-2.9372356,-2.9637644,-0.026528835
1PGA,A,N8I,-0.5593,-0.16737592,-0.17333218,-2.9372356,-2.9431918,-0.005956173
1PGA,A,N8K,-0.4528,-0.16737592,-0.22818398,-2.9372356,-2.9980435,-0.060807943
1PGA,A,N8L,-0.9527,-0.16737592,-0.16838507,-2.9372356,-2.9382448,-0.0010092258
1PGA,A,N8M,-0.3651,-0.16737592,-0.20169806,-2.9372356,-2.9715576,-0.034322023
1PGA,A,G9A,0.2526,-0.036066588,-0.019155506,-2.7458718,-2.7289608,0.01691103
1PGA,A,G9D,2.502,-0.036066588,-0.3220512,-2.7458718,-3.0318565,-0.28598475
1PGA,A,G9E,1.997,-0.036066588,-0.4053596,-2.7458718,-3.1151648,-0.36929297
1PGA,A,G9F,-0.00246,-0.036066588,-0.34097704,-2.7458718,-3.0507822,-0.30491042
1PGA,A,K10A,-0.2171,-0.18969187,-0.20625663,-2.9664195,-2.9829843,-0.016564846
1PGA,A,K10D,0.4953,-0.18969187,-0.20442748,-2.9664195,-2.9811552,-0.014735699
1PGA,A,K10E,-0.5532,-0.18969187,-0.19886193,-2.9664195,-2.9755895,-0.009170055
1PGA,A,K10F,-0.223,-0.18969187,-0.20222238,-2.9664195,-2.97895,-0.012530565
1PGA,A,K10G,0.3507,-0.18969187,-0.25316808,-2.9664195,-3.0298958,-0.063476324
1PGA,A,K10H,-0.1534,-0.18969187,-0.19600323,-2.9664195,-2.9727309,-0.0063114166
1PGA,A,K10I,-0.5619,-0.18969187,-0.20138869,-2.9664195,-2.9781163,-0.0116968155
1PGA,A,T11A,-0.2394,-0.20678177,-0.23702979,-2.9869807,-3.0172286,-0.030247927
1PGA,A,T11D,-0.4589,-0.20678177,-0.20427749,-2.9869807,-2.9844763,0.0025043488
1PGA,A,T11E,-0.4625,-0.20678177,-0.19983473,-2.9869807,-2.9800336,0.0069470406
1PGA,A,T11F,-0.7639,-0.20678177,-0.18072276,-2.9869807,-2.9609215,0.02605915
1PGA,A,T11G,0.01076,-0.20678177,-0.30300033,-2.9869807,-3.083199,-0.09621835
1PGA,A,T11H,-0.4212,-0.20678177,-0.18333325,-2.9869807,-2.963532,0.023448706
1PGA,A,T11I,-0.5619,-0.20678177,-0.17867467,-2.9869807,-2.9588735,0.028107166
1PGA,A,T11K,-0.351,-0.20678177,-0.19124818,-2.9869807,-2.971447,0.015533686
1PGA,A,T11L,-0.3795,-0.20678177,-0.17745273,-2.9869807,-2.9576516,0.029329062
1PGA,A,T11M,-0.3872,-0.20678177,-0.20948645,-2.9869807,-2.9896853,-0.0027046204
1PGA,A,T11N,-0.1678,-0.20678177,-0.19964178,-2.9869807,-2.9798405,0.0071401596
1PGA,A,T11P,1.028,-0.20678177,-0.45017982,-2.9869807,-3.2303786,-0.24339795
1PGA,A,T11Q,-0.5916,-0.20678177,-0.20652397,-2.9869807,-2.9867227,0.0002579689
1PGA,A,T11R,-0.3921,-0.20678177,-0.17975055,-2.9869807,-2.9599493,0.027031422
1PGA,A,T11S,-0.3042,-0.20678177,-0.2295644,-2.9869807,-3.0097632,-0.022782564
1PGA,A,L12A,0.2752,-0.13278303,-0.2566947,-2.8992486,-3.0231602,-0.12391162
1PGA,A,L12D,0.6799,-0.13278303,-0.2814461,-2.8992486,-3.0479116,-0.14866304
1PGA,A,L12E,0.2471,-0.13278303,-0.2566781,-2.8992486,-3.0231438,-0.12389517
1PGA,A,L12G,0.2833,-0.13278303,-0.3820631,-2.8992486,-3.1485286,-0.24927998
1PGA,A,L12H,-0.2832,-0.13278303,-0.21111786,-2.8992486,-2.9775834,-0.07833481
1PGA,A,L12I,-0.9906,-0.13278303,-0.13888386,-2.8992486,-2.9053495,-0.006100893
1PGA,A,L12K,-0.596,-0.13278303,-0.24604496,-2.8992486,-3.0125105,-0.11326194
1PGA,A,K13A,-0.2103,-0.22990045,-0.263712,-2.9963875,-3.030199,-0.03381157
1PGA,A,K13D,0.4547,-0.22990045,-0.24468105,-2.9963875,-3.011168,-0.014780521
1PGA,A,K13E,-0.02498,-0.22990045,-0.24914733,-2.9963875,-3.0156343,-0.019246817
1PGA,A,K13F,-0.6409,-0.22990045,-0.18637225,-2.9963875,-2.9528594,0.04352808
1PGA,A,K13G,0.3534,-0.22990045,-0.367418,-2.9963875,-3.133905,-0.13751745
1PGA,A,K13I,-0.2273,-0.22990045,-0.15176734,-2.9963875,-2.9182544,0.078133106
1PGA,A,G14A,-0.5122,-0.028277874,-0.1928023,-2.7688818,-2.933406,-0.16452432
1PGA,A,G14D,-0.1038,-0.028277874,-0.19876866,-2.7688818,-2.9393725,-0.17049074
1PGA,A,G14E,-0.531,-0.028277874,-0.24631906,-2.7688818,-2.986923,-0.21804118
1PGA,A,G14F,-0.6704,-0.028277874,-0.23495832,-2.7688818,-2.9755623,-0.20668054
1PGA,A,E15A,-0.4153,-0.17326656,-0.2531273,-2.9323971,-3.0122578,-0.07986069
1PGA,A,E15D,0.1927,-0.17326656,-0.2173585,-2.9323971,-2.976489,-0.04409194
1PGA,A,T16A,-0.2635,-0.19322279,-0.25006104,-2.9546762,-3.0115144,-0.056838274
1PGA,A,T16D,1.038,-0.19322279,-0.28428298,-2.9546762,-3.0457363,-0.09106016
1PGA,A,T16E,0.2312,-0.19322279,-0.25943577,-2.9546762,-3.020889,-0.06621289
1PGA,A,T16F,-1.853,-0.19322279,-0.18392988,-2.9546762,-2.945383,0.009293079
1PGA,A,T16G,1.21,-0.19322279,-0.3679698,-2.9546762,-3.1294231,-0.17474699
1PGA,A,T16H,-0.5104,-0.19322279,-0.21761897,-2.9546762,-2.9790723,-0.024396181
1PGA,A,T16I,-1.011,-0.19322279,-0.14167736,-2.9546762,-2.9031305,0.05154562
1PGA,A,T16K,-0.3184,-0.19322279,-0.23856366,-2.9546762,-3.000017,-0.045340776
1PGA,A,T16L,-0.9691,-0.19322279,-0.18672505,-2.9546762,-2.9481783,0.00649786
1PGA,A,T16M,-0.6984,-0.19322279,-0.20846029,-2.9546762,-2.9699135,-0.015237331
1PGA,A,T16N,0.1421,-0.19322279,-0.23529716,-2.9546762,-2.9967504,-0.042074203
1PGA,A,T16P,1.993,-0.19322279,-0.52375257,-2.9546762,-3.2852058,-0.3305297
1PGA,A,T16Q,-0.3266,-0.19322279,-0.23891738,-2.9546762,-3.0003707,-0.04569459
1PGA,A,T16R,-0.5506,-0.19322279,-0.18723413,-2.9546762,-2.9486873,0.0059888363
1PGA,A,T16S,-0.007023,-0.19322279,-0.27292067,-2.9546762,-3.034374,-0.07969785
1PGA,A,T17A,0.2098,-0.1874471,-0.2396721,-2.9618385,-3.0140634,-0.052224874
1PGA,A,T17D,0.3162,-0.1874471,-0.26808843,-2.9618385,-3.0424798,-0.08064127
1PGA,A,T17E,-0.3336,-0.1874471,-0.23376556,-2.9618385,-3.008157,-0.04631853
1PGA,A,T17F,-0.6827,-0.1874471,-0.15308593,-2.9618385,-2.9274774,0.034361124
1PGA,A,T17G,1.053,-0.1874471,-0.3285427,-2.9618385,-3.1029341,-0.14109564
1PGA,A,T17H,0.04852,-0.1874471,-0.1860402,-2.9618385,-2.9604316,0.001406908
1PGA,A,T17I,-0.05838,-0.1874471,-0.17386822,-2.9618385,-2.9482596,0.013578892
1PGA,A,T17K,0.0832,-0.1874471,-0.24000216,-2.9618385,-3.0143936,-0.052555084
1PGA,A,T17L,0.06769,-0.1874471,-0.18916245,-2.9618385,-2.963554,-0.0017154217
1PGA,A,T17M,-0.05629,-0.1874471,-0.20471564,-2.9618385,-2.979107,-0.01726842
1PGA,A,T17N,0.1293,-0.1874471,-0.23263499,-2.9618385,-3.0070264,-0.04518795
1PGA,A,T17P,2.084,-0.1874471,-0.40462023,-2.9618385,-3.1790116,-0.2171731
1PGA,A,T17Q,-0.2838,-0.1874471,-0.22921535,-2.9618385,-3.0036068,-0.041768312
1PGA,A,T17R,-0.2138,-0.1874471,-0.20376723,-2.9618385,-2.9781585,-0.01631999
1PGA,A,T17S,-0.388,-0.1874471,-0.24427219,-2.9618385,-3.0186636,-0.05682516
1PGA,A,T18A,-0.2213,-0.15514937,-0.19813302,-2.9046164,-2.9476,-0.042983532
1PGA,A,T18D,1.787,-0.15514937,-0.25829387,-2.9046164,-3.0077608,-0.10314441
1PGA,A,T18E,0.6727,-0.15514937,-0.26949584,-2.9046164,-3.0189629,-0.114346504
1PGA,A,T18F,-0.5632,-0.15514937,-0.23209885,-2.9046164,-2.9815657,-0.07694936
1PGA,A,T18G,1.735,-0.15514937,-0.33317932,-2.9046164,-3.0826464,-0.17803001
1PGA,A,T18H,0.4238,-0.15514937,-0.2507841,-2.9046164,-3.000251,-0.0956347
1PGA,A,T18I,-0.8377,-0.15514937,-0.16376655,-2.9046164,-2.9132335,-0.008617163
1PGA,A,T18K,0.9528,-0.15514937,-0.30365354,-2.9046164,-3.0531204,-0.14850402
1PGA,A,T18L,-0.7961,-0.15514937,-0.21126346,-2.9046164,-2.9607303,-0.05611396
1PGA,A,T18M,-0.6229,-0.15514937,-0.2227672,-2.9046164,-2.9722342,-0.06761789
1PGA,A,T18N,0.8737,-0.15514937,-0.22041956,-2.9046164,-2.9698865,-0.065270185
1PGA,A,T18P,4.0,-0.15514937,-0.6416,-2.9046164,-3.391067,-0.48645067
1PGA,A,T18Q,0.5862,-0.15514937,-0.25340784,-2.9046164,-3.0028749,-0.098258495
1PGA,A,T18R,0.442,-0.15514937,-0.23936923,-2.9046164,-2.988836,-0.084219694
1PGA,A,T18S,0.778,-0.15514937,-0.23764804,-2.9046164,-2.987115,-0.08249855
1PGA,A,E19A,-0.0476,-0.21783069,-0.2433966,-2.9965973,-3.0221632,-0.025565863
1PGA,A,E19D,-0.2036,-0.21783069,-0.22273806,-2.9965973,-3.0015047,-0.0049073696
1PGA,A,V21A,-0.4182,-0.21498501,-0.21343288,-3.0047293,-3.003177,0.0015523434
1PGA,A,V21D,-0.4596,-0.21498501,-0.1871922,-3.0047293,-2.9769363,0.02779293
1PGA,A,V21E,-0.7594,-0.21498501,-0.17921427,-3.0047293,-2.9689584,0.035770893
1PGA,A,V21F,-1.099,-0.21498501,-0.19703169,-3.0047293,-2.9867759,0.017953396
1PGA,A,V21G,-0.1904,-0.21498501,-0.25185814,-3.0047293,-3.0416024,-0.036873102
1PGA,A,V21H,-0.1943,-0.21498501,-0.1832027,-3.0047293,-2.972947,0.03178239
1PGA,A,V21I,-0.543,-0.21498501,-0.21056172,-3.0047293,-3.000306,0.00442338
1PGA,A,V21K,-0.5363,-0.21498501,-0.184519,-3.0047293,-2.9742632,0.03046608
1PGA,A,V21L,-0.4146,-0.21498501,-0.18939608,-3.0047293,-2.9791403,0.02558899
1PGA,A,V21M,-0.5225,-0.21498501,-0.20779721,-3.0047293,-2.9975414,0.0071878433
1PGA,A,V21N,-0.4976,-0.21498501,-0.19737098,-3.0047293,-2.9871151,0.017614126
1PGA,A,V21P,-0.8258,-0.21498501,-0.25827658,-3.0047293,-3.0480208,-0.04329157
1PGA,A,V21Q,-0.2745,-0.21498501,-0.20532379,-3.0047293,-2.9950678,0.009661436
1PGA,A,V21R,-0.5082,-0.21498501,-0.18894573,-3.0047293,-2.97869,0.026039362
1PGA,A,V21S,-0.4364,-0.21498501,-0.1922641,-3.0047293,-2.9820082,0.022721052
1PGA,A,V21T,-0.1255,-0.21498501,-0.21459644,-3.0047293,-3.0043406,0.00038862228
1PGA,A,D22A,1.078,-0.15230252,-0.2231983,-2.9114935,-2.9823892,-0.07089567
1PGA,A,T25A,-0.8545,-0.20049782,-0.20165162,-2.9704516,-2.9716053,-0.0011537075
1PGA,A,T25D,-0.2272,-0.20049782,-0.23345943,-2.9704516,-3.0034132,-0.032961607
1PGA,A,T25E,-0.6153,-0.20049782,-0.20411053,-2.9704516,-2.9740644,-0.0036127567
1PGA,A,T25F,-0.3866,-0.20049782,-0.17910574,-2.9704516,-2.9490595,0.021392107
1PGA,A,T25G,-0.1682,-0.20049782,-0.30583337,-2.9704516,-3.075787,-0.105335474
1PGA,A,T25H,-0.6744,-0.20049782,-0.19973992,-2.9704516,-2.9696937,0.00075793266
1PGA,A,T25I,0.3458,-0.20049782,-0.15287054,-2.9704516,-2.9228244,0.04762721
1PGA,A,T25K,0.08343,-0.20049782,-0.21200243,-2.9704516,-2.9819562,-0.01150465
1PGA,A,T25L,0.05998,-0.20049782,-0.17578629,-2.9704516,-2.94574,0.024711609
1PGA,A,T25M,-0.2008,-0.20049782,-0.19406638,-2.9704516,-2.96402,0.0064315796
1PGA,A,T25N,-0.01742,-0.20049782,-0.22403812,-2.9704516,-2.9939919,-0.023540258
1PGA,A,T25P,2.095,-0.20049782,-0.723117,-2.9704516,-3.4930706,-0.522619
1PGA,A,T25Q,-0.4703,-0.20049782,-0.2147381,-2.9704516,-2.9846919,-0.014240265
1PGA,A,T25R,-0.03177,-0.20049782,-0.19143933,-2.9704516,-2.961393,0.0090584755
1PGA,A,T25S,-0.5062,-0.20049782,-0.257196,-2.9704516,-3.0271497,-0.056698084
1PGA,A,E27A,-0.4055,-0.15861951,-0.21283083,-2.906712,-2.9609234,-0.054211378
1PGA,A,E27D,0.716,-0.15861951,-0.23552401,-2.906712,-2.9836166,-0.076904535
1PGA,A,K28A,-0.565,-0.18265316,-0.20493276,-2.9563603,-2.9786398,-0.022279501
1PGA,A,K28D,-0.1015,-0.18265316,-0.22977667,-2.9563603,-3.0034838,-0.047123432
1PGA,A,K28E,-0.5592,-0.18265316,-0.20961933,-2.9563603,-2.9833264,-0.026966095
1PGA,A,K28F,-0.2707,-0.18265316,-0.18724549,-2.9563603,-2.9609525,-0.0045921803
1PGA,A,K28G,0.007366,-0.18265316,-0.27716255,-2.9563603,-3.0508697,-0.09450936
1PGA,A,K28H,-0.06766,-0.18265316,-0.19344865,-2.9563603,-2.9671557,-0.010795355
1PGA,A,K28I,-0.7215,-0.18265316,-0.16811016,-2.9563603,-2.9418173,0.0145430565
1PGA,A,V29A,-0.1403,-0.17120996,-0.2232419,-2.9374354,-2.9894674,-0.052031994
1PGA,A,V29D,0.2208,-0.17120996,-0.26021796,-2.9374354,-3.0264435,-0.08900809
1PGA,A,V29E,-0.118,-0.17120996,-0.20645042,-2.9374354,-2.9726758,-0.03524041
1PGA,A,V29F,-0.5923,-0.17120996,-0.17216495,-2.9374354,-2.9383903,-0.0009548664
1PGA,A,V29G,0.912,-0.17120996,-0.3359427,-2.9374354,-3.102168,-0.1647327
1PGA,A,V29H,-0.1615,-0.17120996,-0.20421275,-2.9374354,-2.9704382,-0.033002853
1PGA,A,V29I,-0.681,-0.17120996,-0.1297063,-2.9374354,-2.8959317,0.041503668
1PGA,A,V29K,-0.3326,-0.17120996,-0.20030229,-2.9374354,-2.9665277,-0.029092312
1PGA,A,V29L,-0.2917,-0.17120996,-0.15169987,-2.9374354,-2.9179254,0.01951003
1PGA,A,V29M,-0.1372,-0.17120996,-0.19237418,-2.9374354,-2.9585996,-0.021164179
1PGA,A,V29N,0.2247,-0.17120996,-0.24015749,-2.9374354,-3.006383,-0.06894755
1PGA,A,V29P,2.722,-0.17120996,-0.72373134,-2.9374354,-3.4899569,-0.55252147
1PGA,A,V29Q,-0.3762,-0.17120996,-0.21424139,-2.9374354,-2.9804668,-0.043031454
1PGA,A,V29R,-0.4376,-0.17120996,-0.1816088,-2.9374354,-2.9478343,-0.010398865
1PGA,A,V29S,0.1711,-0.17120996,-0.28331763,-2.9374354,-3.0495431,-0.112107754
1PGA,A,V29T,-0.4142,-0.17120996,-0.22984311,-2.9374354,-2.9960685,-0.05863309
1PGA,A,F30A,3.04,0.025053352,-0.3264839,-2.6892514,-3.0407887,-0.35153723
1PGA,A,F30D,0.5043,0.025053352,-0.41163188,-2.6892514,-3.1259367,-0.43668532
1PGA,A,F30E,4.0,0.025053352,-0.3689606,-2.6892514,-3.0832653,-0.39401388
1PGA,A,K31A,0.4356,-0.2023201,-0.21908577,-2.9546304,-2.971396,-0.016765594
1PGA,A,K31D,4.0,-0.2023201,-0.32090893,-2.9546304,-3.073219,-0.118588686
1PGA,A,K31E,0.7792,-0.2023201,-0.24048868,-2.9546304,-2.9927988,-0.03816843
1PGA,A,K31F,0.2177,-0.2023201,-0.17251371,-2.9546304,-2.924824,0.029806376
1PGA,A,K31G,1.156,-0.2023201,-0.35167426,-2.9546304,-3.1039844,-0.14935398
1PGA,A,K31H,4.0,-0.2023201,-0.2125586,-2.9546304,-2.9648688,-0.010238409
1PGA,A,K31I,-0.1853,-0.2023201,-0.16477367,-2.9546304,-2.917084,0.037546396
1PGA,A,Q32A,-0.1613,-0.19545248,-0.20259449,-2.9621065,-2.9692485,-0.007142067
1PGA,A,Q32D,-0.04907,-0.19545248,-0.25598484,-2.9621065,-3.0226388,-0.06053233
1PGA,A,Q32E,-0.3816,-0.19545248,-0.20335014,-2.9621065,-2.9700043,-0.007897854
1PGA,A,Q32F,0.3163,-0.19545248,-0.20306651,-2.9621065,-2.9697206,-0.0076141357
1PGA,A,Q32G,0.419,-0.19545248,-0.27878082,-2.9621065,-3.045435,-0.083328485
1PGA,A,Q32H,0.1958,-0.19545248,-0.20737262,-2.9621065,-2.9740267,-0.011920214
1PGA,A,Q32I,-0.1103,-0.19545248,-0.16762193,-2.9621065,-2.934276,0.027830362
1PGA,A,Q32K,-0.5808,-0.19545248,-0.1841694,-2.9621065,-2.9508235,0.011282921
1PGA,A,Q32L,-0.1403,-0.19545248,-0.1654701,-2.9621065,-2.9321241,0.029982328
1PGA,A,Q32M,-0.4955,-0.19545248,-0.1920431,-2.9621065,-2.958697,0.0034093857
1PGA,A,Q32N,0.01396,-0.19545248,-0.21912518,-2.9621065,-2.9857793,-0.02367282
1PGA,A,Q32P,-0.6124,-0.19545248,-0.7979826,-2.9621065,-3.5646367,-0.60253024
1PGA,A,Y33A,1.774,-0.10701773,-0.2548294,-2.8568995,-3.0047112,-0.14781165
1PGA,A,Y33D,4.0,-0.10701773,-0.32034117,-2.8568995,-3.0702229,-0.21332335
1PGA,A,Y33E,1.739,-0.10701773,-0.2504076,-2.8568995,-3.0002894,-0.14338994
1PGA,A,Y33F,-0.2852,-0.10701773,-0.08508964,-2.8568995,-2.8349714,0.021928072
1PGA,A,Y33G,3.459,-0.10701773,-0.39022312,-2.8568995,-3.1401048,-0.28320527
1PGA,A,Y33H,1.444,-0.10701773,-0.1922852,-2.8568995,-2.942167,-0.085267544
1PGA,A,Y33I,0.1415,-0.10701773,-0.17665985,-2.8568995,-2.9265416,-0.06964207
1PGA,A,Y33K,1.525,-0.10701773,-0.27211776,-2.8568995,-3.0219996,-0.1651001
1PGA,A,Y33L,0.7223,-0.10701773,-0.13742046,-2.8568995,-2.8873022,-0.03040266
1PGA,A,Y33M,0.5996,-0.10701773,-0.18764086,-2.8568995,-2.9375226,-0.08062315
1PGA,A,Y33N,1.953,-0.10701773,-0.29278335,-2.8568995,-3.042665,-0.1857655
1PGA,A,Y33P,4.0,-0.10701773,-0.7606372,-2.8568995,-3.510519,-0.6536195
1PGA,A,Y33Q,1.337,-0.10701773,-0.2565736,-2.8568995,-3.0064554,-0.14955592
1PGA,A,Y33R,1.724,-0.10701773,-0.23250465,-2.8568995,-2.9823864,-0.12548685
1PGA,A,Y33T,1.641,-0.10701773,-0.26759195,-2.8568995,-3.0174737,-0.1605742
1PGA,A,Y33V,0.4381,-0.10701773,-0.20156138,-2.8568995,-2.9514432,-0.094543695
1PGA,A,N35A,-0.5888,-0.20867226,-0.20038982,-2.9810667,-2.9727843,0.008282423
1PGA,A,N35D,-0.1644,-0.20867226,-0.23346777,-2.9810667,-3.0058622,-0.024795532
1PGA,A,N35E,-0.7452,-0.20867226,-0.20671913,-2.9810667,-2.9791136,0.001953125
1PGA,A,N35F,-1.001,-0.20867226,-0.18527901,-2.9810667,-2.9576735,0.023393154
1PGA,A,N35G,-0.1065,-0.20867226,-0.27899295,-2.9810667,-3.0513875,-0.070320845
1PGA,A,N35H,-0.03699,-0.20867226,-0.19939895,-2.9810667,-2.9717934,0.009273291
1PGA,A,N35I,-0.6808,-0.20867226,-0.16201535,-2.9810667,-2.9344099,0.046656847
1PGA,A,N35K,-1.043,-0.20867226,-0.1923083,-2.9810667,-2.9647028,0.01636386
1PGA,A,N35L,-0.8509,-0.20867226,-0.16297242,-2.9810667,-2.9353669,0.045699835
1PGA,A,N35M,-0.1763,-0.20867226,-0.18821713,-2.9810667,-2.9606116,0.020455122
1PGA,A,D36A,-0.3988,-0.19083047,-0.20652553,-2.9608157,-2.9765108,-0.015695095
1PGA,A,N37A,-0.3611,-0.17855355,-0.22974834,-2.9243522,-2.9755468,-0.051194668
1PGA,A,N37D,1.124,-0.17855355,-0.28286108,-2.9243522,-3.0286596,-0.10430741
1PGA,A,N37E,-0.003751,-0.17855355,-0.24953072,-2.9243522,-2.9953294,-0.07097721
1PGA,A,N37F,-1.005,-0.17855355,-0.19975546,-2.9243522,-2.945554,-0.021201849
1PGA,A,N37G,0.9364,-0.17855355,-0.32195634,-2.9243522,-3.067755,-0.14340281
1PGA,A,N37H,-0.6965,-0.17855355,-0.19070137,-2.9243522,-2.9365,-0.012147903
1PGA,A,N37I,-0.5687,-0.17855355,-0.28913575,-2.9243522,-3.0349343,-0.11058211
1PGA,A,N37K,-1.018,-0.17855355,-0.22451444,-2.9243522,-2.970313,-0.045960903
1PGA,A,N37L,-0.9543,-0.17855355,-0.13679075,-2.9243522,-2.8825893,0.04176283
1PGA,A,N37M,-0.3042,-0.17855355,-0.19105478,-2.9243522,-2.9368534,-0.01250124
1PGA,A,G38D,-0.05173,-0.1215991,-0.19348629,-2.8767962,-2.9486835,-0.071887255
1PGA,A,G38E,0.1315,-0.1215991,-0.21460232,-2.8767962,-2.9697995,-0.09300327
1PGA,A,G38F,0.1966,-0.1215991,-0.1932144,-2.8767962,-2.9484115,-0.07161522
1PGA,A,V39A,1.181,-0.03735708,-0.2868436,-2.7505946,-3.0000813,-0.24948668
1PGA,A,V39D,3.414,-0.03735708,-0.40330958,-2.7505946,-3.116547,-0.3659525
1PGA,A,V39E,0.273,-0.03735708,-0.39223307,-2.7505946,-3.1054707,-0.35487604
1PGA,A,V39F,-0.6698,-0.03735708,-0.23118813,-2.7505946,-2.9444258,-0.1938312
1PGA,A,V39G,2.291,-0.03735708,-0.48472816,-2.7505946,-3.1979659,-0.44737124
1PGA,A,V39H,1.566,-0.03735708,-0.30090237,-2.7505946,-3.0141401,-0.2635455
1PGA,A,V39I,-0.9096,-0.03735708,0.0020974963,-2.7505946,-2.7111402,0.03945446
1PGA,A,V39K,1.962,-0.03735708,-0.46731585,-2.7505946,-3.1805534,-0.42995882
1PGA,A,V39L,-0.2675,-0.03735708,-0.05759598,-2.7505946,-2.7708337,-0.020239115
1PGA,A,V39M,0.2731,-0.03735708,-0.15431069,-2.7505946,-2.8675485,-0.11695385
1PGA,A,V39N,4.0,-0.03735708,-0.269251,-2.7505946,-2.9824886,-0.23189402
1PGA,A,V39P,2.31,-0.03735708,-0.5662154,-2.7505946,-3.279453,-0.5288584
1PGA,A,V39Q,1.52,-0.03735708,-0.2677593,-2.7505946,-2.9809968,-0.23040223
1PGA,A,V39R,2.039,-0.03735708,-0.3837708,-2.7505946,-3.0970085,-0.34641385
1PGA,A,V39S,1.696,-0.03735708,-0.37263507,-2.7505946,-3.0858727,-0.33527803
1PGA,A,V39T,1.281,-0.03735708,-0.22717544,-2.7505946,-2.940413,-0.18981838
1PGA,A,D40A,-0.1153,-0.19664595,-0.22899628,-2.974846,-3.0071962,-0.0323503
1PGA,A,G41A,-0.4935,0.026684677,-0.14187643,-2.6965675,-2.8651285,-0.16856098
1PGA,A,G41E,4.0,0.026684677,-0.3238381,-2.6965675,-3.0470903,-0.35052276
1PGA,A,G41F,2.315,0.026684677,-0.2711487,-2.6965675,-2.994401,-0.29783344
1PGA,A,E42A,-0.6756,-0.20522395,-0.22745693,-2.985505,-3.007738,-0.02223301
1PGA,A,E42D,-0.6086,-0.20522395,-0.20651916,-2.985505,-2.9868002,-0.0012950897
1PGA,A,T44A,-0.396,-0.19550681,-0.22655854,-2.971689,-3.0027409,-0.031051874
1PGA,A,T44D,0.06051,-0.19550681,-0.21576884,-2.971689,-2.991951,-0.020262003
1PGA,A,T44E,-0.2712,-0.19550681,-0.2221961,-2.971689,-2.9983783,-0.026689291
1PGA,A,T44F,-0.09238,-0.19550681,-0.18105848,-2.971689,-2.9572406,0.014448404
1PGA,A,T44G,0.1777,-0.19550681,-0.29003757,-2.971689,-3.0662198,-0.09453082
1PGA,A,T44H,-0.3065,-0.19550681,-0.19277857,-2.971689,-2.9689608,0.0027282238
1PGA,A,T44I,-0.5158,-0.19550681,-0.18065457,-2.971689,-2.9568367,0.014852285
1PGA,A,T44K,-0.2054,-0.19550681,-0.21448211,-2.971689,-2.9906642,-0.018975258
1PGA,A,T44L,-0.06871,-0.19550681,-0.18521106,-2.971689,-2.9613934,0.0102956295
1PGA,A,T44M,0.1149,-0.19550681,-0.2061868,-2.971689,-2.982369,-0.01067996
1PGA,A,T44N,0.002354,-0.19550681,-0.19672285,-2.971689,-2.9729052,-0.0012161732
1PGA,A,T44P,4.0,-0.19550681,-0.48779503,-2.971689,-3.2639773,-0.2922883
1PGA,A,T44R,-0.1073,-0.19550681,-0.18476522,-2.971689,-2.9609475,0.010741472
1PGA,A,T44S,-0.3613,-0.19550681,-0.2259893,-2.971689,-3.0021715,-0.03048253
1PGA,A,Y45A,4.0,-0.043955863,-0.31222972,-2.7755516,-3.0438254,-0.26827383
1PGA,A,Y45D,1.05,-0.043955863,-0.3875471,-2.7755516,-3.1191428,-0.3435912
1PGA,A,Y45E,4.0,-0.043955863,-0.37217474,-2.7755516,-3.1037705,-0.32821894
1PGA,A,Y45F,0.05214,-0.043955863,-0.014213791,-2.7755516,-2.7458096,0.029742002
1PGA,A,Y45G,4.0,-0.043955863,-0.45337924,-2.7755516,-3.184975,-0.40942335
1PGA,A,Y45H,4.0,-0.043955863,-0.17959885,-2.7755516,-2.9111946,-0.135643
1PGA,A,Y45I,2.238,-0.043955863,-0.2073338,-2.7755516,-2.9389296,-0.163378
1PGA,A,Y45K,3.124,-0.043955863,-0.3626908,-2.7755516,-3.0942864,-0.31873488
1PGA,A,Y45L,1.79,-0.043955863,-0.16686988,-2.7755516,-2.8984656,-0.122914076
1PGA,A,Y45M,2.494,-0.043955863,-0.19438353,-2.7755516,-2.9259794,-0.15042782
1PGA,A,Y45N,4.0,-0.043955863,-0.2929264,-2.7755516,-3.024522,-0.24897051
1PGA,A,Y45P,4.0,-0.043955863,-0.48860112,-2.7755516,-3.220197,-0.4446454
1PGA,A,Y45Q,4.0,-0.043955863,-0.29849625,-2.7755516,-3.030092,-0.25454044
1PGA,A,Y45R,2.224,-0.043955863,-0.30522317,-2.7755516,-3.036819,-0.26126742
1PGA,A,Y45S,2.968,-0.043955863,-0.37459347,-2.7755516,-3.1061893,-0.3306377
1PGA,A,Y45T,4.0,-0.043955863,-0.31508115,-2.7755516,-3.0466769,-0.27112532
1PGA,A,Y45V,2.526,-0.043955863,-0.21485953,-2.7755516,-2.9464552,-0.17090368
1PGA,A,D46A,1.828,-0.15634477,-0.26370716,-2.9194381,-3.0268006,-0.10736251
1PGA,A,D47A,-0.2221,-0.17046848,-0.21461573,-2.9511976,-2.9953449,-0.044147253
1PGA,A,T49A,0.5603,-0.18776885,-0.23247235,-2.956163,-3.0008664,-0.044703484
1PGA,A,T49D,0.8437,-0.18776885,-0.24009967,-2.956163,-3.0084937,-0.052330732
1PGA,A,T49E,0.3464,-0.18776885,-0.23257701,-2.956163,-3.000971,-0.04480815
1PGA,A,T49F,0.6914,-0.18776885,-0.195349,-2.956163,-2.963743,-0.007580042
1PGA,A,T49G,0.9138,-0.18776885,-0.30513483,-2.956163,-3.0735288,-0.11736584
1PGA,A,T49H,0.4735,-0.18776885,-0.1981202,-2.956163,-2.966514,-0.010351181
1PGA,A,T49I,0.3294,-0.18776885,-0.19744122,-2.956163,-2.9658353,-0.009672403
1PGA,A,T49K,0.03498,-0.18776885,-0.19743496,-2.956163,-2.965829,-0.009665966
1PGA,A,T49L,-0.205,-0.18776885,-0.17961559,-2.956163,-2.9480095,0.008153439
1PGA,A,T49M,0.4494,-0.18776885,-0.21697025,-2.956163,-2.9853642,-0.02920127
1PGA,A,T49N,-0.07347,-0.18776885,-0.19860463,-2.956163,-2.9669986,-0.010835648
1PGA,A,T49P,4.0,-0.18776885,-0.576584,-2.956163,-3.344978,-0.38881516
1PGA,A,T49Q,0.389,-0.18776885,-0.21415544,-2.956163,-2.9825494,-0.0263865
1PGA,A,T49R,0.4665,-0.18776885,-0.17328474,-2.956163,-2.9416788,0.014484167
1PGA,A,T49S,-0.1832,-0.18776885,-0.2364134,-2.956163,-3.0048075,-0.048644543
1PGA,A,K50A,0.1937,-0.17845824,-0.25730565,-2.9237237,-3.002571,-0.07884741
1PGA,A,K50D,1.329,-0.17845824,-0.3338809,-2.9237237,-3.0791464,-0.15542269
1PGA,A,K50E,1.087,-0.17845824,-0.31297266,-2.9237237,-3.058238,-0.13451433
1PGA,A,K50F,-0.3438,-0.17845824,-0.14001516,-2.9237237,-2.8852806,0.03844309
1PGA,A,K50G,0.2322,-0.17845824,-0.3540017,-2.9237237,-3.0992672,-0.17554355
1PGA,A,K50H,-0.8224,-0.17845824,-0.192549,-2.9237237,-2.9378145,-0.014090776
1PGA,A,K50I,1.524,-0.17845824,-0.29701856,-2.9237237,-3.042284,-0.118560314
1PGA,A,T51A,1.098,-0.17166665,-0.23382588,-2.9186068,-2.980766,-0.0621593
1PGA,A,T51D,3.311,-0.17166665,-0.2726964,-2.9186068,-3.0196366,-0.10102987
1PGA,A,T51E,0.762,-0.17166665,-0.25852737,-2.9186068,-3.0054677,-0.086860895
1PGA,A,T51F,4.0,-0.17166665,-0.23059337,-2.9186068,-2.9775336,-0.05892682
1PGA,A,T51G,2.483,-0.17166665,-0.37975472,-2.9186068,-3.126695,-0.20808816
1PGA,A,T51H,2.158,-0.17166665,-0.25701994,-2.9186068,-3.0039601,-0.085353374
1PGA,A,T51I,0.3024,-0.17166665,-0.13967861,-2.9186068,-2.8866189,0.031987906
1PGA,A,T51K,1.384,-0.17166665,-0.2900341,-2.9186068,-3.0369744,-0.11836767
1PGA,A,T51L,1.049,-0.17166665,-0.17560014,-2.9186068,-2.9225404,-0.003933668
1PGA,A,T51M,0.9797,-0.17166665,-0.2076967,-2.9186068,-2.954637,-0.036030293
1PGA,A,T51N,2.194,-0.17166665,-0.22397026,-2.9186068,-2.9709105,-0.05230379
1PGA,A,T51P,4.0,-0.17166665,-0.66198134,-2.9186068,-3.4089217,-0.49031496
1PGA,A,T51Q,1.033,-0.17166665,-0.24344441,-2.9186068,-2.9903846,-0.07177782
1PGA,A,T51R,1.846,-0.17166665,-0.23325053,-2.9186068,-2.9801908,-0.061583996
1PGA,A,T51S,0.6244,-0.17166665,-0.27413294,-2.9186068,-3.021073,-0.102466345
1PGA,A,F52A,4.0,0.04972718,-0.37859637,-2.6578102,-3.0861337,-0.4283235
1PGA,A,F52D,4.0,0.04972718,-0.45843053,-2.6578102,-3.165968,-0.50815773
1PGA,A,F52E,4.0,0.04972718,-0.42527658,-2.6578102,-3.132814,-0.47500372
1PGA,A,T53A,1.182,-0.20462856,-0.2459348,-2.9647074,-3.0060136,-0.041306257
1PGA,A,T53D,1.704,-0.20462856,-0.30959803,-2.9647074,-3.0696769,-0.1049695
1PGA,A,T53E,0.2464,-0.20462856,-0.246754,-2.9647074,-3.0068328,-0.042125463
1PGA,A,T53F,0.01734,-0.20462856,-0.16179624,-2.9647074,-2.921875,0.042832375
1PGA,A,T53G,4.0,-0.20462856,-0.38427156,-2.9647074,-3.1443503,-0.17964292
1PGA,A,T53I,0.0538,-0.20462856,-0.14886793,-2.9647074,-2.9089468,0.055760622
1PGA,A,T53K,0.4461,-0.20462856,-0.24260136,-2.9647074,-3.0026803,-0.037972927
1PGA,A,T53L,0.3705,-0.20462856,-0.18277809,-2.9647074,-2.9428568,0.021850586
1PGA,A,T53M,-0.1526,-0.20462856,-0.19061959,-2.9647074,-2.9506984,0.014008999
1PGA,A,T53N,0.6512,-0.20462856,-0.23992601,-2.9647074,-3.0000048,-0.035297394
1PGA,A,T53P,4.0,-0.20462856,-0.5771948,-2.9647074,-3.3372736,-0.37256622
1PGA,A,T53Q,0.3506,-0.20462856,-0.22355342,-2.9647074,-2.9836323,-0.018924952
1PGA,A,T53R,0.2691,-0.20462856,-0.19781342,-2.9647074,-2.9578922,0.006815195
1PGA,A,T53S,0.4351,-0.20462856,-0.27990806,-2.9647074,-3.0399868,-0.075279474
1PGA,A,V54A,1.889,0.023284858,-0.20875987,-2.6758533,-2.907898,-0.2320447
1PGA,A,V54D,2.667,0.023284858,-0.35023114,-2.6758533,-3.0493693,-0.37351608
1PGA,A,V54E,4.0,0.023284858,-0.38979062,-2.6758533,-3.0889287,-0.41307545
1PGA,A,V54F,1.638,0.023284858,-0.33831206,-2.6758533,-3.03745,-0.36159682
1PGA,A,V54G,4.0,0.023284858,-0.4496599,-2.6758533,-3.148798,-0.47294474
1PGA,A,V54H,4.0,0.023284858,-0.37026456,-2.6758533,-3.0694027,-0.39354944
1PGA,A,V54I,-0.2612,0.023284858,-0.026311051,-2.6758533,-2.725449,-0.049595833
1PGA,A,V54K,4.0,0.023284858,-0.55147064,-2.6758533,-3.2506087,-0.57475543
1PGA,A,V54L,0.07873,0.023284858,-0.15949291,-2.6758533,-2.8586311,-0.18277788
1PGA,A,V54M,0.6845,0.023284858,-0.22899303,-2.6758533,-2.928131,-0.25227785
1PGA,A,V54N,4.0,0.023284858,-0.23563814,-2.6758533,-2.9347763,-0.25892305
1PGA,A,V54P,-0.422,0.023284858,-0.5695428,-2.6758533,-3.268681,-0.5928278
1PGA,A,V54Q,2.905,0.023284858,-0.31544697,-2.6758533,-3.014585,-0.33873177
1PGA,A,V54R,4.0,0.023284858,-0.47615892,-2.6758533,-3.175297,-0.49944377
1PGA,A,V54S,1.542,0.023284858,-0.29861993,-2.6758533,-2.997758,-0.32190466
1PGA,A,V54T,1.676,0.023284858,-0.16122624,-2.6758533,-2.8603644,-0.18451118
1PGA,A,T55A,0.7046,-0.20467344,-0.23385552,-2.9725752,-3.0017574,-0.029182196
1PGA,A,T55D,0.3296,-0.20467344,-0.2784139,-2.9725752,-3.0463157,-0.07374048
1PGA,A,T55E,0.3561,-0.20467344,-0.23872924,-2.9725752,-3.0066311,-0.03405595
1PGA,A,T55F,0.1949,-0.20467344,-0.16789001,-2.9725752,-2.9357917,0.036783457
1PGA,A,T55G,0.981,-0.20467344,-0.33219463,-2.9725752,-3.1000965,-0.12752128
1PGA,A,T55H,0.662,-0.20467344,-0.1950345,-2.9725752,-2.9629364,0.009638786
1PGA,A,T55I,0.2417,-0.20467344,-0.17752516,-2.9725752,-2.945427,0.027148247
1PGA,A,T55K,0.637,-0.20467344,-0.22020993,-2.9725752,-2.9881117,-0.015536547
1PGA,A,T55L,0.2955,-0.20467344,-0.18554306,-2.9725752,-2.953445,0.01913023
1PGA,A,T55M,0.4753,-0.20467344,-0.2014229,-2.9725752,-2.9693246,0.003250599
1PGA,A,T55N,-0.3415,-0.20467344,-0.22285132,-2.9725752,-2.9907532,-0.018177986
1PGA,A,T55P,4.0,-0.20467344,-0.5197544,-2.9725752,-3.2876563,-0.31508112
1PGA,A,T55Q,0.03916,-0.20467344,-0.22287357,-2.9725752,-2.9907753,-0.01820016
1PGA,A,T55R,0.131,-0.20467344,-0.17978242,-2.9725752,-2.9476843,0.0248909
1PGA,A,T55S,-0.3475,-0.20467344,-0.25269476,-2.9725752,-3.0205965,-0.048021317
1PGA,A,E56A,0.1844,-0.21614602,-0.21596682,-2.977271,-2.9770918,0.00017929077
1PGA,A,E56D,0.1048,-0.21614602,-0.21302192,-2.977271,-2.9741468,0.003124237
1PGA,A,E56F,-1.03,-0.21614602,-0.22381175,-2.977271,-2.9849367,-0.007665634
1PGA,A,E56G,0.3161,-0.21614602,-0.24738494,-2.977271,-3.0085099,-0.031238794
1PGA,A,E56H,1.057,-0.21614602,-0.21991801,-2.977271,-2.981043,-0.0037720203
1PGA,A,E56I,-0.01867,-0.21614602,-0.22886963,-2.977271,-2.9899945,-0.012723446
1PGA,A,E56K,1.043,-0.21614602,-0.24765325,-2.977271,-3.0087783,-0.031507254
1PGA,A,E56L,0.1419,-0.21614602,-0.17285237,-2.977271,-2.9339774,0.043293715
1PGA,A,E56M,0.2874,-0.21614602,-0.18804081,-2.977271,-2.9491658,0.028105259
1PGA,A,E56N,-0.1297,-0.21614602,-0.19306898,-2.977271,-2.954194,0.023077011
1PGA,A,E56P,0.6575,-0.21614602,-0.50977623,-2.977271,-3.2709012,-0.29363012
1PGA,A,E56Q,-0.2083,-0.21614602,-0.2151192,-2.977271,-2.9762442,0.0010268688
1PGA,A,E56R,1.339,-0.21614602,-0.2166034,-2.977271,-2.9777284,-0.00045728683
1PGA,A,E56S,0.1691,-0.21614602,-0.24187624,-2.977271,-3.0030012,-0.025730133
1PGA,A,E56T,0.2044,-0.21614602,-0.2417804,-2.977271,-3.0029054,-0.025634289
1PGA,A,E56V,0.2482,-0.21614602,-0.22381917,-2.977271,-2.984944,-0.007673025
1PGA,A,E56Y,-0.6801,-0.21614602,-0.24680968,-2.977271,-3.0079346,-0.03066349
1PGA,A,T55V,0.2301,-0.20467344,-0.17451993,-2.9725752,-2.9424217,0.030153513
1PGA,A,T55Y,0.1379,-0.20467344,-0.18444164,-2.9725752,-2.9523435,0.020231724
1PGA,A,V54Y,1.728,0.023284858,-0.42191997,-2.6758533,-3.121058,-0.44520473
1PGA,A,T53V,0.1104,-0.20462856,-0.14994985,-2.9647074,-2.9100287,0.05467868
1PGA,A,T53Y,-0.2362,-0.20462856,-0.18247774,-2.9647074,-2.9425566,0.022150755
1PGA,A,F52G,4.0,0.04972718,-0.54941446,-2.6578102,-3.2569518,-0.5991416
1PGA,A,F52H,2.656,0.04972718,-0.20863208,-2.6578102,-2.9161694,-0.2583592
1PGA,A,F52I,0.2429,0.04972718,-0.1870392,-2.6578102,-2.8945765,-0.23676634
1PGA,A,F52K,4.0,0.04972718,-0.46769333,-2.6578102,-3.1752307,-0.51742053
1PGA,A,F52L,2.526,0.04972718,-0.10834317,-2.6578102,-2.8158805,-0.15807033
1PGA,A,F52M,2.706,0.04972718,-0.16240473,-2.6578102,-2.8699422,-0.21213198
1PGA,A,F52N,4.0,0.04972718,-0.35185957,-2.6578102,-3.059397,-0.40158677
1PGA,A,F52P,1.719,0.04972718,-0.5762254,-2.6578102,-3.283763,-0.6259527
1PGA,A,F52Q,4.0,0.04972718,-0.31983933,-2.6578102,-3.0273767,-0.36956644
1PGA,A,F52R,4.0,0.04972718,-0.3772975,-2.6578102,-3.0848348,-0.4270246
1PGA,A,F52S,4.0,0.04972718,-0.4661447,-2.6578102,-3.1736822,-0.515872
1PGA,A,F52T,4.0,0.04972718,-0.37806204,-2.6578102,-3.0855994,-0.4277892
1PGA,A,F52V,2.992,0.04972718,-0.22895595,-2.6578102,-2.9364934,-0.2786832
1PGA,A,F52Y,0.3431,0.04972718,-0.003258592,-2.6578102,-2.7107959,-0.05298567
1PGA,A,T51V,0.5016,-0.17166665,-0.13316646,-2.9186068,-2.8801067,0.03850007
1PGA,A,T51Y,1.635,-0.17166665,-0.24518314,-2.9186068,-2.9921234,-0.07351661
1PGA,A,K50L,-0.5464,-0.17845824,-0.17624949,-2.9237237,-2.921515,0.0022087097
1PGA,A,K50M,0.05043,-0.17845824,-0.20598242,-2.9237237,-2.951248,-0.027524233
1PGA,A,K50N,-0.3757,-0.17845824,-0.22997789,-2.9237237,-2.9752433,-0.051519632
1PGA,A,K50P,4.0,-0.17845824,-0.55518305,-2.9237237,-3.3004484,-0.37672472
1PGA,A,K50Q,-1.167,-0.17845824,-0.2319097,-2.9237237,-2.9771752,-0.053451538
1PGA,A,K50R,-0.7618,-0.17845824,-0.16253918,-2.9237237,-2.9078047,0.01591897
1PGA,A,K50S,0.2897,-0.17845824,-0.30626065,-2.9237237,-3.051526,-0.12780237
1PGA,A,K50T,1.168,-0.17845824,-0.2959868,-2.9237237,-3.0412521,-0.11752844
1PGA,A,K50V,1.345,-0.17845824,-0.26791155,-2.9237237,-3.013177,-0.08945322
1PGA,A,K50Y,-0.4603,-0.17845824,-0.14927527,-2.9237237,-2.8945408,0.02918291
1PGA,A,T49V,0.499,-0.18776885,-0.18418095,-2.956163,-2.952575,0.0035879612
1PGA,A,T49Y,0.8254,-0.18776885,-0.20168893,-2.956163,-2.970083,-0.013920069
1PGA,A,A48D,-0.3508,-0.19938616,-0.19527563,-2.9834466,-2.979336,0.0041105747
1PGA,A,A48E,-0.4587,-0.19938616,-0.19388574,-2.9834466,-2.977946,0.005500555
1PGA,A,A48F,-0.004024,-0.19938616,-0.19609958,-2.9834466,-2.98016,0.0032866
1PGA,A,A48G,0.1165,-0.19938616,-0.2291565,-2.9834466,-3.013217,-0.029770374
1PGA,A,A48H,0.08335,-0.19938616,-0.18437831,-2.9834466,-2.9684386,0.015007973
1PGA,A,A48I,-0.06508,-0.19938616,-0.21514109,-2.9834466,-2.9992015,-0.015754938
1PGA,A,A48K,-0.4986,-0.19938616,-0.18697609,-2.9834466,-2.9710364,0.012410164
1PGA,A,A48L,-0.5142,-0.19938616,-0.18495592,-2.9834466,-2.9690163,0.0144302845
1PGA,A,A48M,0.03654,-0.19938616,-0.20142147,-2.9834466,-2.9854817,-0.002035141
1PGA,A,A48N,-0.1345,-0.19938616,-0.18634072,-2.9834466,-2.970401,0.013045549
1PGA,A,A48P,-0.01175,-0.19938616,-0.44036156,-2.9834466,-3.224422,-0.24097538
1PGA,A,A48Q,-0.5385,-0.19938616,-0.20677991,-2.9834466,-2.9908402,-0.0073935986
1PGA,A,A48R,-0.1224,-0.19938616,-0.18135345,-2.9834466,-2.9654138,0.01803279
1PGA,A,A48S,-0.2873,-0.19938616,-0.19024985,-2.9834466,-2.9743102,0.009136438
1PGA,A,A48T,-0.1552,-0.19938616,-0.21080752,-2.9834466,-2.9948678,-0.011421204
1PGA,A,A48V,-0.3335,-0.19938616,-0.21988806,-2.9834466,-3.0039485,-0.020501852
1PGA,A,A48Y,-0.4127,-0.19938616,-0.20339024,-2.9834466,-2.9874506,-0.0040040016
1PGA,A,D47E,-0.6884,-0.17046848,-0.16437118,-2.9511976,-2.9451003,0.0060973167
1PGA,A,D47F,-0.5808,-0.17046848,-0.20667093,-2.9511976,-2.9874,-0.03620243
1PGA,A,D47G,-0.2496,-0.17046848,-0.26163444,-2.9511976,-3.0423636,-0.09116602
1PGA,A,D47H,0.1733,-0.17046848,-0.19432645,-2.9511976,-2.9750557,-0.02385807
1PGA,A,D47I,-0.7419,-0.17046848,-0.22157371,-2.9511976,-3.002303,-0.05110526
1PGA,A,D47K,-0.3256,-0.17046848,-0.21319222,-2.9511976,-2.9939213,-0.042723656
1PGA,A,D47L,0.3316,-0.17046848,-0.19700474,-2.9511976,-2.9777339,-0.026536226
1PGA,A,D47M,0.7547,-0.17046848,-0.21182904,-2.9511976,-2.9925582,-0.041360617
1PGA,A,D47N,-0.3454,-0.17046848,-0.2033498,-2.9511976,-2.984079,-0.03288126
1PGA,A,D47P,-0.8987,-0.17046848,-0.2840876,-2.9511976,-3.0648167,-0.11361909
1PGA,A,D47Q,-0.5846,-0.17046848,-0.21001181,-2.9511976,-2.990741,-0.03954339
1PGA,A,D47R,-0.1762,-0.17046848,-0.20691685,-2.9511976,-2.987646,-0.03644848
1PGA,A,D47S,-0.4559,-0.17046848,-0.21009035,-2.9511976,-2.9908195,-0.03962183
1PGA,A,D47T,0.06607,-0.17046848,-0.23589893,-2.9511976,-3.016628,-0.0654304
1PGA,A,D47V,0.00552,-0.17046848,-0.22710471,-2.9511976,-3.007834,-0.056636333
1PGA,A,D47Y,-0.3546,-0.17046848,-0.21293457,-2.9511976,-2.9936638,-0.042466164
1PGA,A,D46E,0.0487,-0.15634477,-0.23068023,-2.9194381,-2.9937735,-0.07433534
1PGA,A,D46F,0.5241,-0.15634477,-0.19159149,-2.9194381,-2.9546847,-0.03524661
1PGA,A,D46G,2.667,-0.15634477,-0.38728577,-2.9194381,-3.1503792,-0.23094106
1PGA,A,D46H,0.8399,-0.15634477,-0.2088579,-2.9194381,-2.9719512,-0.052513123
1PGA,A,D46K,0.6075,-0.15634477,-0.24552593,-2.9194381,-3.0086193,-0.089181185
1PGA,A,D46L,0.5259,-0.15634477,-0.17984042,-2.9194381,-2.9429338,-0.023495674
1PGA,A,D46M,0.8416,-0.15634477,-0.21074268,-2.9194381,-2.973836,-0.05439782
1PGA,A,D46N,-0.472,-0.15634477,-0.16372806,-2.9194381,-2.9268215,-0.0073833466
1PGA,A,D46P,4.0,-0.15634477,-0.51814544,-2.9194381,-3.2812388,-0.36180067
1PGA,A,D46Q,0.3826,-0.15634477,-0.24837932,-2.9194381,-3.0114727,-0.09203458
1PGA,A,D46R,1.716,-0.15634477,-0.21781342,-2.9194381,-2.9809067,-0.0614686
1PGA,A,D46S,0.1975,-0.15634477,-0.26723295,-2.9194381,-3.0303264,-0.11088824
1PGA,A,D46T,0.8039,-0.15634477,-0.2442487,-2.9194381,-3.007342,-0.08790398
1PGA,A,D46V,0.5117,-0.15634477,-0.17668185,-2.9194381,-2.9397752,-0.020337105
1PGA,A,D46Y,1.309,-0.15634477,-0.19768307,-2.9194381,-2.9607763,-0.041338205
1PGA,A,T44V,0.1041,-0.19550681,-0.18511915,-2.971689,-2.9613013,0.010387659
1PGA,A,T44Y,-0.4001,-0.19550681,-0.19382598,-2.971689,-2.9700081,0.001680851
1PGA,A,E42F,-0.625,-0.20522395,-0.18496586,-2.985505,-2.965247,0.020258188
1PGA,A,E42G,0.8815,-0.20522395,-0.29564303,-2.985505,-3.0759242,-0.090419054
1PGA,A,E42I,-1.191,-0.20522395,-0.16484325,-2.985505,-2.9451244,0.040380716
1PGA,A,E42K,-0.6484,-0.20522395,-0.20025666,-2.985505,-2.980538,0.0049672127
1PGA,A,E42L,-0.607,-0.20522395,-0.1843138,-2.985505,-2.9645948,0.020910263
1PGA,A,E42M,-0.4159,-0.20522395,-0.2087357,-2.985505,-2.9890168,-0.0035116673
1PGA,A,E42N,-0.2477,-0.20522395,-0.20283036,-2.985505,-2.9831114,0.0023937225
1PGA,A,E42P,1.255,-0.20522395,-0.41957417,-2.985505,-3.1998553,-0.21435022
1PGA,A,E42Q,-0.7139,-0.20522395,-0.21104863,-2.985505,-2.9913297,-0.005824566
1PGA,A,E42R,-0.5541,-0.20522395,-0.18972622,-2.985505,-2.9700074,0.0154976845
1PGA,A,E42S,-0.005709,-0.20522395,-0.2282215,-2.985505,-3.0085027,-0.022997618
1PGA,A,E42T,-0.1269,-0.20522395,-0.20809475,-2.985505,-2.988376,-0.002870798
1PGA,A,E42V,-0.2759,-0.20522395,-0.17799543,-2.985505,-2.9582765,0.027228594
1PGA,A,E42Y,-0.694,-0.20522395,-0.19101606,-2.985505,-2.9712973,0.01420784
1PGA,A,G41H,4.0,0.026684677,-0.2493798,-2.6965675,-2.972632,-0.2760644
1PGA,A,G41I,-0.5839,0.026684677,-0.4121121,-2.6965675,-3.1353643,-0.43879676
1PGA,A,G41K,2.411,0.026684677,-0.3327077,-2.6965675,-3.05596,-0.3593924
1PGA,A,G41L,4.0,0.026684677,-0.29830295,-2.6965675,-3.0215552,-0.32498765
1PGA,A,G41M,-0.1888,0.026684677,-0.26483977,-2.6965675,-2.988092,-0.2915244
1PGA,A,G41N,4.0,0.026684677,-0.20966506,-2.6965675,-2.9329174,-0.23634982
1PGA,A,G41P,4.0,0.026684677,-0.5747366,-2.6965675,-3.297989,-0.60142136
1PGA,A,G41Q,4.0,0.026684677,-0.30268577,-2.6965675,-3.025938,-0.3293705
1PGA,A,G41R,-0.4337,0.026684677,-0.29260883,-2.6965675,-3.015861,-0.3192935
1PGA,A,G41S,4.0,0.026684677,-0.18430321,-2.6965675,-2.9075553,-0.2109878
1PGA,A,G41T,4.0,0.026684677,-0.29115766,-2.6965675,-3.0144098,-0.31784225
1PGA,A,G41V,4.0,0.026684677,-0.37119007,-2.6965675,-3.0944424,-0.39787483
1PGA,A,G41Y,2.488,0.026684677,-0.2912972,-2.6965675,-3.0145495,-0.31798196
1PGA,A,D40E,-0.5006,-0.19664595,-0.21425264,-2.974846,-2.9924524,-0.017606497
1PGA,A,D40F,-0.8243,-0.19664595,-0.17449579,-2.974846,-2.9526956,0.022150278
1PGA,A,D40G,0.1589,-0.19664595,-0.279064,-2.974846,-3.0572639,-0.082417965
1PGA,A,D40H,4.0,-0.19664595,-0.18145393,-2.974846,-2.9596539,0.015192032
1PGA,A,D40I,-0.5893,-0.19664595,-0.1907239,-2.974846,-2.9689238,0.005922079
1PGA,A,D40K,-0.5482,-0.19664595,-0.19832543,-2.974846,-2.9765253,-0.0016794205
1PGA,A,D40L,-0.1702,-0.19664595,-0.1822007,-2.974846,-2.9604006,0.014445305
1PGA,A,D40M,-0.4579,-0.19664595,-0.20402518,-2.974846,-2.982225,-0.007379055
1PGA,A,D40N,-0.6686,-0.19664595,-0.17932104,-2.974846,-2.957521,0.017324924
1PGA,A,D40P,1.723,-0.19664595,-0.5088411,-2.974846,-3.287041,-0.31219506
1PGA,A,D40Q,-0.7176,-0.19664595,-0.21887472,-2.974846,-2.9970746,-0.022228718
1PGA,A,D40R,-0.5541,-0.19664595,-0.1811863,-2.974846,-2.959386,0.015459776
1PGA,A,D40S,-0.5632,-0.19664595,-0.227315,-2.974846,-3.0055149,-0.030668974
1PGA,A,D40T,-0.5705,-0.19664595,-0.22246532,-2.974846,-3.0006652,-0.025819302
1PGA,A,D40V,-0.5867,-0.19664595,-0.19881615,-2.974846,-2.977016,-0.002170086
1PGA,A,D40Y,-0.8437,-0.19664595,-0.18473405,-2.974846,-2.9629338,0.0119121075
1PGA,A,V39Y,0.4204,-0.03735708,-0.33128333,-2.7505946,-3.0445209,-0.29392624
1PGA,A,G38H,-0.5023,-0.1215991,-0.16563809,-2.8767962,-2.9208353,-0.04403901
1PGA,A,G38I,1.439,-0.1215991,-0.3910613,-2.8767962,-3.1462584,-0.2694621
1PGA,A,G38K,-0.2873,-0.1215991,-0.18495893,-2.8767962,-2.940156,-0.06335974
1PGA,A,G38L,-0.04239,-0.1215991,-0.20422563,-2.8767962,-2.9594228,-0.08262658
1PGA,A,G38M,0.4658,-0.1215991,-0.20051484,-2.8767962,-2.955712,-0.078915834
1PGA,A,G38N,-0.3001,-0.1215991,-0.14397115,-2.8767962,-2.8991683,-0.022372007
1PGA,A,G38P,2.741,-0.1215991,-0.73032045,-2.8767962,-3.4855175,-0.60872126
1PGA,A,G38Q,-0.1927,-0.1215991,-0.22052462,-2.8767962,-2.9757218,-0.09892559
1PGA,A,G38R,0.4179,-0.1215991,-0.18610413,-2.8767962,-2.9413013,-0.0645051
1PGA,A,G38S,0.1732,-0.1215991,-0.2319549,-2.8767962,-2.987152,-0.110355854
1PGA,A,G38T,1.006,-0.1215991,-0.33493066,-2.8767962,-3.0901277,-0.21333146
1PGA,A,G38V,1.306,-0.1215991,-0.3528133,-2.8767962,-3.1080105,-0.23121428
1PGA,A,G38Y,0.4339,-0.1215991,-0.21486942,-2.8767962,-2.9700665,-0.0932703
1PGA,A,N37P,3.694,-0.17855355,-0.7139036,-2.9243522,-3.4597023,-0.5353501
1PGA,A,N37Q,-0.9441,-0.17855355,-0.1954119,-2.9243522,-2.9412105,-0.01685834
1PGA,A,N37R,-0.4179,-0.17855355,-0.19271477,-2.9243522,-2.9385133,-0.01416111
1PGA,A,N37S,-0.2243,-0.17855355,-0.30456603,-2.9243522,-3.0503645,-0.12601233
1PGA,A,N37T,-0.08425,-0.17855355,-0.28912932,-2.9243522,-3.0349278,-0.110575676
1PGA,A,N37V,-0.4774,-0.17855355,-0.25758204,-2.9243522,-3.0033805,-0.07902837
1PGA,A,N37Y,-0.7826,-0.17855355,-0.21782446,-2.9243522,-2.963623,-0.039270878
1PGA,A,D36E,-1.051,-0.19083047,-0.19373591,-2.9608157,-2.963721,-0.0029053688
1PGA,A,D36F,0.05938,-0.19083047,-0.20651564,-2.9608157,-2.9765007,-0.015685081
1PGA,A,D36G,0.9505,-0.19083047,-0.2690277,-2.9608157,-3.039013,-0.07819724
1PGA,A,D36H,0.09497,-0.19083047,-0.19704722,-2.9608157,-2.9670324,-0.0062167645
1PGA,A,D36I,-0.2773,-0.19083047,-0.20769458,-2.9608157,-2.9776797,-0.016864061
1PGA,A,D36K,-0.1981,-0.19083047,-0.19807939,-2.9608157,-2.9680645,-0.0072488785
1PGA,A,D36L,-0.2918,-0.19083047,-0.15884116,-2.9608157,-2.9288263,0.031989336
1PGA,A,D36M,-0.4983,-0.19083047,-0.18645519,-2.9608157,-2.9564404,0.0043752193
1PGA,A,D36N,-0.4932,-0.19083047,-0.18364576,-2.9608157,-2.953631,0.007184744
1PGA,A,D36P,2.704,-0.19083047,-0.6842925,-2.9608157,-3.4542775,-0.49346185
1PGA,A,D36Q,-0.4089,-0.19083047,-0.20294979,-2.9608157,-2.972935,-0.012119293
1PGA,A,D36R,-0.4081,-0.19083047,-0.18370882,-2.9608157,-2.9536939,0.0071218014
1PGA,A,D36S,-0.4628,-0.19083047,-0.23635721,-2.9608157,-3.0063424,-0.045526743
1PGA,A,D36T,0.2012,-0.19083047,-0.24026635,-2.9608157,-3.0102515,-0.049435854
1PGA,A,D36V,-0.3005,-0.19083047,-0.2206093,-2.9608157,-2.9905944,-0.029778719
1PGA,A,D36Y,-0.4349,-0.19083047,-0.21748891,-2.9608157,-2.987474,-0.026658297
1PGA,A,N35P,4.0,-0.20867226,-0.74877954,-2.9810667,-3.521174,-0.54010725
1PGA,A,N35Q,-0.8364,-0.20867226,-0.21234863,-2.9810667,-2.984743,-0.0036764145
1PGA,A,N35R,-0.3325,-0.20867226,-0.16806878,-2.9810667,-2.9404633,0.0406034
1PGA,A,N35S,-0.7551,-0.20867226,-0.24558301,-2.9810667,-3.0179775,-0.036910772
1PGA,A,N35T,-0.4761,-0.20867226,-0.21045184,-2.9810667,-2.9828463,-0.0017795563
1PGA,A,N35V,-0.4245,-0.20867226,-0.18830788,-2.9810667,-2.9607024,0.020364285
1PGA,A,N35Y,-0.9328,-0.20867226,-0.1930377,-2.9810667,-2.9654322,0.015634537
1PGA,A,A34D,4.0,-0.005495639,-0.35994887,-2.6933715,-3.0478249,-0.35445333
1PGA,A,A34E,2.604,-0.005495639,-0.45261207,-2.6933715,-3.140488,-0.44711637
1PGA,A,A34F,1.853,-0.005495639,-0.4460953,-2.6933715,-3.1339712,-0.44059968
1PGA,A,A34G,1.461,-0.005495639,-0.24391541,-2.6933715,-2.9317913,-0.23841977
1PGA,A,A34H,3.191,-0.005495639,-0.44049424,-2.6933715,-3.12837,-0.4349985
1PGA,A,A34I,0.6699,-0.005495639,-0.17200813,-2.6933715,-2.859884,-0.16651249
1PGA,A,A34K,2.81,-0.005495639,-0.5711806,-2.6933715,-3.2590566,-0.56568503
1PGA,A,A34L,-0.1117,-0.005495639,-0.24234119,-2.6933715,-2.930217,-0.2368455
1PGA,A,A34M,0.4539,-0.005495639,-0.30617088,-2.6933715,-2.9940467,-0.30067515
1PGA,A,A34N,1.461,-0.005495639,-0.22090518,-2.6933715,-2.908781,-0.21540952
1PGA,A,A34P,4.0,-0.005495639,-0.67942625,-2.6933715,-3.3673022,-0.67393064
1PGA,A,A34Q,2.332,-0.005495639,-0.36413667,-2.6933715,-3.0520124,-0.3586409
1PGA,A,A34R,2.928,-0.005495639,-0.49278688,-2.6933715,-3.1806629,-0.48729134
1PGA,A,A34S,0.5321,-0.005495639,-0.17150033,-2.6933715,-2.8593762,-0.16600466
1PGA,A,A34T,0.3816,-0.005495639,-0.13020246,-2.6933715,-2.8180783,-0.124706745
1PGA,A,A34V,-0.01522,-0.005495639,-0.022399185,-2.6933715,-2.7102752,-0.016903639
1PGA,A,A34Y,1.998,-0.005495639,-0.5148802,-2.6933715,-3.202756,-0.5093844
1PGA,A,Q32R,-0.3876,-0.19545248,-0.16775882,-2.9621065,-2.934413,0.02769351
1PGA,A,Q32S,-0.2027,-0.19545248,-0.25452927,-2.9621065,-3.0211833,-0.059076786
1PGA,A,Q32T,-0.3186,-0.19545248,-0.2167277,-2.9621065,-2.9833817,-0.021275282
1PGA,A,Q32V,0.1299,-0.19545248,-0.19056566,-2.9621065,-2.9572198,0.004886627
1PGA,A,Q32Y,0.3905,-0.19545248,-0.20951359,-2.9621065,-2.9761677,-0.014061213
1PGA,A,K31L,-0.172,-0.2023201,-0.15429041,-2.9546304,-2.9066007,0.04802966
1PGA,A,K31M,-0.3944,-0.2023201,-0.19110551,-2.9546304,-2.9434156,0.011214733
1PGA,A,K31N,0.5826,-0.2023201,-0.24823955,-2.9546304,-3.0005498,-0.04591942
1PGA,A,K31P,4.0,-0.2023201,-0.8655195,-2.9546304,-3.6178298,-0.6631994
1PGA,A,K31Q,-0.4476,-0.2023201,-0.2203037,-2.9546304,-2.9726138,-0.017983437
1PGA,A,K31R,4.0,-0.2023201,-0.15811537,-2.9546304,-2.9104257,0.044204712
1PGA,A,K31S,0.7225,-0.2023201,-0.29916626,-2.9546304,-3.0514765,-0.0968461
1PGA,A,K31T,0.4844,-0.2023201,-0.24313536,-2.9546304,-2.9954455,-0.040815115
1PGA,A,K31V,-0.1874,-0.2023201,-0.18762597,-2.9546304,-2.9399362,0.014694214
1PGA,A,K31Y,0.4829,-0.2023201,-0.1887857,-2.9546304,-2.9410958,0.013534546
1PGA,A,F30G,4.0,0.025053352,-0.47720736,-2.6892514,-3.191512,-0.5022607
1PGA,A,F30H,4.0,0.025053352,-0.19881828,-2.6892514,-2.9131231,-0.22387171
1PGA,A,F30I,4.0,0.025053352,-0.26014966,-2.6892514,-2.9744544,-0.28520298
1PGA,A,F30K,4.0,0.025053352,-0.44095343,-2.6892514,-3.1552582,-0.46600676
1PGA,A,F30L,0.4824,0.025053352,-0.09316036,-2.6892514,-2.807465,-0.11821365
1PGA,A,F30M,1.663,0.025053352,-0.1519069,-2.6892514,-2.8662117,-0.17696023
1PGA,A,F30N,4.0,0.025053352,-0.31854725,-2.6892514,-3.032852,-0.3436005
1PGA,A,F30P,4.0,0.025053352,-0.69161236,-2.6892514,-3.4059172,-0.71666574
1PGA,A,F30Q,4.0,0.025053352,-0.28235954,-2.6892514,-2.9966643,-0.30741286
1PGA,A,F30R,0.2781,0.025053352,-0.3654172,-2.6892514,-3.079722,-0.3904705
1PGA,A,F30S,4.0,0.025053352,-0.43341404,-2.6892514,-3.147719,-0.45846748
1PGA,A,F30T,4.0,0.025053352,-0.36756134,-2.6892514,-3.081866,-0.3926146
1PGA,A,F30V,2.531,0.025053352,-0.2748521,-2.6892514,-2.989157,-0.29990554
1PGA,A,F30Y,-0.9144,0.025053352,-0.03003518,-2.6892514,-2.74434,-0.05508852
1PGA,A,V29Y,-0.1913,-0.17120996,-0.18123785,-2.9374354,-2.9474633,-0.010027885
1PGA,A,K28L,-0.3129,-0.18265316,-0.16787787,-2.9563603,-2.9415848,0.014775515
1PGA,A,K28M,-0.5786,-0.18265316,-0.19488204,-2.9563603,-2.968589,-0.012228727
1PGA,A,K28N,-0.4428,-0.18265316,-0.21223584,-2.9563603,-2.9859428,-0.0295825
1PGA,A,K28P,1.23,-0.18265316,-0.6833668,-2.9563603,-3.4570737,-0.50071335
1PGA,A,K28Q,-0.6138,-0.18265316,-0.20284331,-2.9563603,-2.9765503,-0.02019
1PGA,A,K28R,-0.9133,-0.18265316,-0.16582572,-2.9563603,-2.9395328,0.016827583
1PGA,A,K28S,-0.3627,-0.18265316,-0.24363533,-2.9563603,-3.0173423,-0.06098199
1PGA,A,K28T,-0.185,-0.18265316,-0.21516666,-2.9563603,-2.9888737,-0.03251338
1PGA,A,K28V,-0.2348,-0.18265316,-0.19044428,-2.9563603,-2.9641514,-0.0077910423
1PGA,A,K28Y,-0.2474,-0.18265316,-0.19214293,-2.9563603,-2.9658499,-0.009489536
1PGA,A,E27F,-1.915,-0.15861951,-0.20228794,-2.906712,-2.9503806,-0.04366851
1PGA,A,E27G,-0.005568,-0.15861951,-0.33290932,-2.906712,-3.0810018,-0.1742897
1PGA,A,E27H,4.0,-0.15861951,-0.21026254,-2.906712,-2.9583552,-0.051643133
1PGA,A,E27I,-0.09868,-0.15861951,-0.22667861,-2.906712,-2.9747713,-0.068059206
1PGA,A,E27K,-0.8303,-0.15861951,-0.24219191,-2.906712,-2.9902844,-0.08357239
1PGA,A,E27L,-1.815,-0.15861951,-0.1708254,-2.906712,-2.918918,-0.012205839
1PGA,A,E27M,-0.9275,-0.15861951,-0.2023212,-2.906712,-2.9504137,-0.04370165
1PGA,A,E27N,1.638,-0.15861951,-0.25519666,-2.906712,-3.0032892,-0.09657717
1PGA,A,E27P,4.0,-0.15861951,-0.72445905,-2.906712,-3.4725516,-0.5658395
1PGA,A,E27Q,-0.4424,-0.15861951,-0.22547968,-2.906712,-2.9735723,-0.0668602
1PGA,A,E27R,-0.4369,-0.15861951,-0.23705086,-2.906712,-2.9851434,-0.07843137
1PGA,A,E27S,0.3593,-0.15861951,-0.2769586,-2.906712,-3.025051,-0.11833906
1PGA,A,E27T,1.036,-0.15861951,-0.2527091,-2.906712,-3.0008016,-0.09408951
1PGA,A,E27V,0.9147,-0.15861951,-0.22300918,-2.906712,-2.9711018,-0.064389706
1PGA,A,E27Y,-0.2636,-0.15861951,-0.2162116,-2.906712,-2.9643042,-0.057592154
1PGA,A,A26D,4.0,0.12664454,-0.40927726,-2.5499744,-3.0858963,-0.5359218
1PGA,A,A26E,4.0,0.12664454,-0.47710067,-2.5499744,-3.1537197,-0.6037452
1PGA,A,A26F,4.0,0.12664454,-0.4576117,-2.5499744,-3.1342306,-0.5842562
1PGA,A,A26G,4.0,0.12664454,-0.09227194,-2.5499744,-2.7688909,-0.21891642
1PGA,A,A26H,4.0,0.12664454,-0.49042335,-2.5499744,-3.1670423,-0.6170678
1PGA,A,A26I,4.0,0.12664454,-0.33559653,-2.5499744,-3.0122156,-0.46224117
1PGA,A,A26K,4.0,0.12664454,-0.5764319,-2.5499744,-3.2530508,-0.70307636
1PGA,A,A26L,4.0,0.12664454,-0.37464622,-2.5499744,-3.0512652,-0.5012908
1PGA,A,A26M,4.0,0.12664454,-0.402635,-2.5499744,-3.079254,-0.5292795
1PGA,A,A26N,4.0,0.12664454,-0.28804496,-2.5499744,-2.964664,-0.41468954
1PGA,A,A26P,4.0,0.12664454,-0.52214825,-2.5499744,-3.1987672,-0.64879274
1PGA,A,A26Q,4.0,0.12664454,-0.4254539,-2.5499744,-3.102073,-0.5520985
1PGA,A,A26R,4.0,0.12664454,-0.5228652,-2.5499744,-3.199484,-0.64950967
1PGA,A,A26S,2.33,0.12664454,-0.069571115,-2.5499744,-2.74619,-0.19621563
1PGA,A,A26T,4.0,0.12664454,-0.14860527,-2.5499744,-2.8252242,-0.27524972
1PGA,A,A26V,2.406,0.12664454,-0.13126525,-2.5499744,-2.8078842,-0.25790977
1PGA,A,A26Y,4.0,0.12664454,-0.5218233,-2.5499744,-3.1984422,-0.6484678
1PGA,A,T25V,0.09562,-0.20049782,-0.16681509,-2.9704516,-2.9367688,0.033682823
1PGA,A,T25Y,-0.102,-0.20049782,-0.18682821,-2.9704516,-2.9567819,0.013669729
1PGA,A,A24D,-0.2675,-0.19788505,-0.18927984,-2.986691,-2.978086,0.008605003
1PGA,A,A24E,-0.6679,-0.19788505,-0.18526842,-2.986691,-2.9740744,0.012616634
1PGA,A,A24F,-0.6184,-0.19788505,-0.18724854,-2.986691,-2.9760547,0.01063633
1PGA,A,A24G,-0.1481,-0.19788505,-0.24831033,-2.986691,-3.0371163,-0.05042529
1PGA,A,A24H,0.3865,-0.19788505,-0.18618053,-2.986691,-2.9749866,0.011704445
1PGA,A,A24I,-0.5529,-0.19788505,-0.20376389,-2.986691,-2.99257,-0.0058789253
1PGA,A,A24K,-0.7753,-0.19788505,-0.19584501,-2.986691,-2.984651,0.0020399094
1PGA,A,A24L,-0.2697,-0.19788505,-0.18190071,-2.986691,-2.9707067,0.015984297
1PGA,A,A24M,-0.406,-0.19788505,-0.20170899,-2.986691,-2.990515,-0.0038239956
1PGA,A,A24N,0.2393,-0.19788505,-0.1937253,-2.986691,-2.9825313,0.004159689
1PGA,A,A24P,0.1859,-0.19788505,-0.3188839,-2.986691,-3.1076899,-0.12099886
1PGA,A,A24Q,-0.04574,-0.19788505,-0.20172866,-2.986691,-2.9905348,-0.0038437843
1PGA,A,A24R,-0.5373,-0.19788505,-0.19271687,-2.986691,-2.981523,0.005167961
1PGA,A,A24S,-0.2187,-0.19788505,-0.20707181,-2.986691,-2.9958777,-0.009186745
1PGA,A,A24T,-0.232,-0.19788505,-0.22505729,-2.986691,-3.0138633,-0.027172327
1PGA,A,A24V,-0.1925,-0.19788505,-0.20742837,-2.986691,-2.9962344,-0.009543419
1PGA,A,A24Y,-0.4426,-0.19788505,-0.19246311,-2.986691,-2.9812691,0.005421877
1PGA,A,A23D,0.4388,-0.16504452,-0.2926862,-2.9310553,-3.058697,-0.12764168
1PGA,A,A23E,-0.0442,-0.16504452,-0.24591365,-2.9310553,-3.0119245,-0.0808692
1PGA,A,A23F,-0.5854,-0.16504452,-0.19053116,-2.9310553,-2.956542,-0.025486708
1PGA,A,A23G,0.8266,-0.16504452,-0.30174923,-2.9310553,-3.06776,-0.13670468
1PGA,A,A23H,0.1959,-0.16504452,-0.22454599,-2.9310553,-2.9905567,-0.05950141
1PGA,A,A23I,-0.5642,-0.16504452,-0.23116393,-2.9310553,-2.9971747,-0.06611943
1PGA,A,A23K,-0.4793,-0.16504452,-0.25966477,-2.9310553,-3.0256755,-0.09462023
1PGA,A,A23L,-0.2233,-0.16504452,-0.23438898,-2.9310553,-3.0003998,-0.06934452
1PGA,A,A23N,0.1944,-0.16504452,-0.24913096,-2.9310553,-3.0151417,-0.08408642
1PGA,A,A23P,0.1395,-0.16504452,-0.28097185,-2.9310553,-3.0469828,-0.11592746
1PGA,A,A23Q,-0.7965,-0.16504452,-0.23565957,-2.9310553,-3.0016704,-0.07061505
1PGA,A,A23R,-0.5935,-0.16504452,-0.2122111,-2.9310553,-2.978222,-0.047166586
1PGA,A,A23S,-0.1622,-0.16504452,-0.21655771,-2.9310553,-2.9825685,-0.051513195
1PGA,A,A23T,-0.3184,-0.16504452,-0.21691468,-2.9310553,-2.9829254,-0.051870108
1PGA,A,A23V,-0.3774,-0.16504452,-0.19295834,-2.9310553,-2.958969,-0.027913809
1PGA,A,A23Y,-0.3807,-0.16504452,-0.20622322,-2.9310553,-2.972234,-0.041178703
1PGA,A,D22E,0.8214,-0.15230252,-0.22618315,-2.9114935,-2.9853742,-0.07388067
1PGA,A,D22F,1.075,-0.15230252,-0.21412952,-2.9114935,-2.9733205,-0.061826944
1PGA,A,D22G,1.028,-0.15230252,-0.2357646,-2.9114935,-2.9949555,-0.083462
1PGA,A,D22H,0.9863,-0.15230252,-0.19336088,-2.9114935,-2.9525518,-0.041058302
1PGA,A,D22I,2.207,-0.15230252,-0.24114127,-2.9114935,-3.0003324,-0.088838816
1PGA,A,D22K,1.217,-0.15230252,-0.24119815,-2.9114935,-3.000389,-0.08889556
1PGA,A,D22L,1.175,-0.15230252,-0.22464566,-2.9114935,-2.9838367,-0.07234311
1PGA,A,D22M,1.346,-0.15230252,-0.22991005,-2.9114935,-2.9891012,-0.07760763
1PGA,A,D22N,-0.2102,-0.15230252,-0.16656962,-2.9114935,-2.9257607,-0.014267206
1PGA,A,D22P,2.932,-0.15230252,-0.6653479,-2.9114935,-3.4245389,-0.5130453
1PGA,A,D22Q,1.206,-0.15230252,-0.25064272,-2.9114935,-3.0098338,-0.09834027
1PGA,A,D22R,1.47,-0.15230252,-0.21673147,-2.9114935,-2.9759226,-0.064429045
1PGA,A,D22S,-0.6246,-0.15230252,-0.2078458,-2.9114935,-2.9670367,-0.055543184
1PGA,A,D22T,0.4365,-0.15230252,-0.21953568,-2.9114935,-2.9787266,-0.067233086
1PGA,A,D22V,1.426,-0.15230252,-0.23647603,-2.9114935,-2.995667,-0.08417344
1PGA,A,D22Y,1.166,-0.15230252,-0.2216125,-2.9114935,-2.9808035,-0.06930995
1PGA,A,A20D,1.646,-0.060459197,-0.26201248,-2.7893457,-2.990899,-0.20155334
1PGA,A,A20E,0.582,-0.060459197,-0.3255618,-2.7893457,-3.0544484,-0.26510262
1PGA,A,A20F,1.732,-0.060459197,-0.29486996,-2.7893457,-3.0237565,-0.23441076
1PGA,A,A20G,1.107,-0.060459197,-0.17420644,-2.7893457,-2.9030929,-0.11374712
1PGA,A,A20H,1.914,-0.060459197,-0.30015764,-2.7893457,-3.0290442,-0.23969841
1PGA,A,A20I,1.861,-0.060459197,-0.3053499,-2.7893457,-3.0342364,-0.24489069
1PGA,A,A20K,1.77,-0.060459197,-0.40485182,-2.7893457,-3.1337383,-0.34439254
1PGA,A,A20L,2.032,-0.060459197,-0.2897064,-2.7893457,-3.0185928,-0.2292471
1PGA,A,A20M,1.43,-0.060459197,-0.26070547,-2.7893457,-2.989592,-0.20024633
1PGA,A,A20N,2.851,-0.060459197,-0.1992811,-2.7893457,-2.9281676,-0.13882184
1PGA,A,A20P,3.48,-0.060459197,-0.5427412,-2.7893457,-3.2716277,-0.48228192
1PGA,A,A20Q,-0.1162,-0.060459197,-0.29674035,-2.7893457,-3.025627,-0.23628116
1PGA,A,A20R,1.467,-0.060459197,-0.32800323,-2.7893457,-3.0568898,-0.26754403
1PGA,A,A20S,0.2021,-0.060459197,-0.15425745,-2.7893457,-2.883144,-0.09379816
1PGA,A,A20T,0.9471,-0.060459197,-0.19724193,-2.7893457,-2.9261284,-0.13678265
1PGA,A,A20V,0.8814,-0.060459197,-0.20873654,-2.7893457,-2.937623,-0.14827728
1PGA,A,A20Y,1.938,-0.060459197,-0.32248488,-2.7893457,-3.0513713,-0.2620256
1PGA,A,E19F,-0.8412,-0.21783069,-0.15583473,-2.9965973,-2.9346013,0.061995983
1PGA,A,E19G,1.472,-0.21783069,-0.31989756,-2.9965973,-3.098664,-0.102066755
1PGA,A,E19H,-0.01886,-0.21783069,-0.19313166,-2.9965973,-2.9718983,0.024698973
1PGA,A,E19I,-0.9345,-0.21783069,-0.1787546,-2.9965973,-2.9575212,0.03907609
1PGA,A,E19K,-0.4203,-0.21783069,-0.22185668,-2.9965973,-3.0006232,-0.004025936
1PGA,A,E19L,-0.3686,-0.21783069,-0.17263776,-2.9965973,-2.9514043,0.045192957
1PGA,A,E19M,-0.1866,-0.21783069,-0.2071946,-2.9965973,-2.9859612,0.010636091
1PGA,A,E19N,-0.6401,-0.21783069,-0.2083832,-2.9965973,-2.9871497,0.009447575
1PGA,A,E19P,0.778,-0.21783069,-0.36295357,-2.9965973,-3.14172,-0.14512277
1PGA,A,E19Q,-0.5158,-0.21783069,-0.22377355,-2.9965973,-3.00254,-0.0059428215
1PGA,A,E19R,-0.7238,-0.21783069,-0.1999675,-2.9965973,-2.978734,0.017863274
1PGA,A,E19S,-0.1053,-0.21783069,-0.24210894,-2.9965973,-3.0208755,-0.024278164
1PGA,A,E19T,-0.6515,-0.21783069,-0.21601912,-2.9965973,-2.9947858,0.0018115044
1PGA,A,E19V,0.09325,-0.21783069,-0.18816788,-2.9965973,-2.9669344,0.029662848
1PGA,A,E19Y,-0.774,-0.21783069,-0.16996053,-2.9965973,-2.9487271,0.04787016
1PGA,A,T18V,-0.3905,-0.15514937,-0.13742635,-2.9046164,-2.8868933,0.017723083
1PGA,A,T18Y,-0.1554,-0.15514937,-0.24903603,-2.9046164,-2.998503,-0.093886614
1PGA,A,T17V,-0.1832,-0.1874471,-0.17043929,-2.9618385,-2.9448307,0.017007828
1PGA,A,T17Y,-0.7134,-0.1874471,-0.16612297,-2.9618385,-2.9405143,0.021324158
1PGA,A,T16V,-0.5015,-0.19322279,-0.13984548,-2.9546762,-2.9012988,0.05337739
1PGA,A,T16Y,-1.313,-0.19322279,-0.19525391,-2.9546762,-2.9567072,-0.0020310879
1PGA,A,E15F,-0.5656,-0.17326656,-0.20612875,-2.9323971,-2.9652593,-0.032862186
1PGA,A,E15G,0.219,-0.17326656,-0.3589487,-2.9323971,-3.1180792,-0.18568206
1PGA,A,E15H,0.2518,-0.17326656,-0.21985698,-2.9323971,-2.9789875,-0.04659033
1PGA,A,E15I,-0.6033,-0.17326656,-0.17028321,-2.9323971,-2.9294138,0.0029833317
1PGA,A,E15K,-0.1296,-0.17326656,-0.25145322,-2.9323971,-3.0105839,-0.07818675
1PGA,A,E15L,-0.1557,-0.17326656,-0.19132824,-2.9323971,-2.9504588,-0.018061638
1PGA,A,E15M,-0.7185,-0.17326656,-0.20887442,-2.9323971,-2.968005,-0.035607815
1PGA,A,E15N,-0.1626,-0.17326656,-0.2367456,-2.9323971,-2.995876,-0.06347895
1PGA,A,E15P,1.979,-0.17326656,-0.4702406,-2.9323971,-3.229371,-0.29697394
1PGA,A,E15Q,-0.8749,-0.17326656,-0.2144047,-2.9323971,-2.9735353,-0.041138172
1PGA,A,E15R,-0.2761,-0.17326656,-0.23335008,-2.9323971,-2.9924808,-0.060083628
1PGA,A,E15S,-0.165,-0.17326656,-0.2691605,-2.9323971,-3.028291,-0.09589386
1PGA,A,E15T,-0.01162,-0.17326656,-0.2272499,-2.9323971,-2.9863806,-0.05398345
1PGA,A,E15V,-0.9221,-0.17326656,-0.1772244,-2.9323971,-2.9363549,-0.0039577484
1PGA,A,E15Y,-0.6644,-0.17326656,-0.22119403,-2.9323971,-2.9803245,-0.04792738
1PGA,A,G14H,-0.08403,-0.028277874,-0.20828363,-2.7688818,-2.9488876,-0.18000579
1PGA,A,G14I,-0.8071,-0.028277874,-0.36106274,-2.7688818,-3.1016667,-0.3327849
1PGA,A,G14K,-0.7175,-0.028277874,-0.27024394,-2.7688818,-3.0108478,-0.24196601
1PGA,A,G14L,-1.25,-0.028277874,-0.25939524,-2.7688818,-2.999999,-0.23111725
1PGA,A,G14M,-0.9401,-0.028277874,-0.23806322,-2.7688818,-2.9786673,-0.20978546
1PGA,A,G14N,-0.02504,-0.028277874,-0.20189305,-2.7688818,-2.942497,-0.17361522
1PGA,A,G14P,0.8771,-0.028277874,-0.6507048,-2.7688818,-3.3913088,-0.622427
1PGA,A,G14Q,-0.5181,-0.028277874,-0.27331775,-2.7688818,-3.0139217,-0.24503994
1PGA,A,G14R,-0.8728,-0.028277874,-0.2518378,-2.7688818,-2.9924417,-0.22355986
1PGA,A,G14S,-0.5117,-0.028277874,-0.20060484,-2.7688818,-2.9412088,-0.17232704
1PGA,A,G14T,-0.3898,-0.028277874,-0.2901227,-2.7688818,-3.0307267,-0.26184487
1PGA,A,G14V,-0.5203,-0.028277874,-0.35255668,-2.7688818,-3.0931606,-0.32427883
1PGA,A,G14Y,-0.2434,-0.028277874,-0.25395295,-2.7688818,-2.994557,-0.2256751
1PGA,A,K13L,0.05833,-0.22990045,-0.19145788,-2.9963875,-2.9579449,0.03844261
1PGA,A,K13M,-0.317,-0.22990045,-0.21927917,-2.9963875,-2.9857662,0.010621309
1PGA,A,K13N,-0.01071,-0.22990045,-0.20528702,-2.9963875,-2.971774,0.02461338
1PGA,A,K13P,0.9935,-0.22990045,-0.3849942,-2.9963875,-3.1514812,-0.15509367
1PGA,A,K13Q,-1.07,-0.22990045,-0.23211089,-2.9963875,-2.9985979,-0.0022103786
1PGA,A,K13R,-0.326,-0.22990045,-0.19955118,-2.9963875,-2.9660382,0.030349255
1PGA,A,K13S,-0.5716,-0.22990045,-0.26587427,-2.9963875,-3.0323613,-0.035973787
1PGA,A,K13T,-0.2514,-0.22990045,-0.21249036,-2.9963875,-2.9789774,0.01741004
1PGA,A,K13V,-0.5257,-0.22990045,-0.16149527,-2.9963875,-2.9279823,0.06840515
1PGA,A,K13Y,-0.6876,-0.22990045,-0.19631262,-2.9963875,-2.9627995,0.033587933
1PGA,A,L12M,-0.3446,-0.13278303,-0.18636912,-2.8992486,-2.9528346,-0.053586006
1PGA,A,L12N,-0.08539,-0.13278303,-0.23511024,-2.8992486,-3.0015757,-0.10232711
1PGA,A,L12P,1.231,-0.13278303,-0.48599648,-2.8992486,-3.2524621,-0.35321355
1PGA,A,L12Q,-0.1395,-0.13278303,-0.23187146,-2.8992486,-2.998337,-0.09908843
1PGA,A,L12R,-0.2425,-0.13278303,-0.20690377,-2.8992486,-2.9733694,-0.07412076
1PGA,A,L12S,0.0594,-0.13278303,-0.28662843,-2.8992486,-3.053094,-0.15384531
1PGA,A,L12T,-0.4164,-0.13278303,-0.22941895,-2.8992486,-2.9958844,-0.09663582
1PGA,A,L12V,-0.632,-0.13278303,-0.15472612,-2.8992486,-2.9211917,-0.021943092
1PGA,A,L12Y,-1.776,-0.13278303,-0.16455235,-2.8992486,-2.9310179,-0.031769276
1PGA,A,T11V,-0.5362,-0.20678177,-0.18883756,-2.9869807,-2.9690363,0.017944336
1PGA,A,T11Y,-0.2982,-0.20678177,-0.1856983,-2.9869807,-2.965897,0.021083593
1PGA,A,K10L,-0.7221,-0.18969187,-0.17713341,-2.9664195,-2.953861,0.01255846
1PGA,A,K10M,-0.2474,-0.18969187,-0.2004211,-2.9664195,-2.9771488,-0.010729313
1PGA,A,K10N,-0.09672,-0.18969187,-0.1904584,-2.9664195,-2.967186,-0.00076651573
1PGA,A,K10P,0.177,-0.18969187,-0.54850996,-2.9664195,-3.3252375,-0.35881805
1PGA,A,K10Q,-0.1136,-0.18969187,-0.21041961,-2.9664195,-2.9871473,-0.020727873
1PGA,A,K10R,-0.6497,-0.18969187,-0.17742977,-2.9664195,-2.9541574,0.012262106
1PGA,A,K10S,0.1296,-0.18969187,-0.21060304,-2.9664195,-2.9873307,-0.020911217
1PGA,A,K10T,-0.1995,-0.18969187,-0.209483,-2.9664195,-2.9862106,-0.019791126
1PGA,A,K10V,-0.4141,-0.18969187,-0.20973904,-2.9664195,-2.9864666,-0.020047188
1PGA,A,K10Y,-0.5094,-0.18969187,-0.21215978,-2.9664195,-2.9888873,-0.022467852
1PGA,A,G9H,1.22,-0.036066588,-0.3614127,-2.7458718,-3.071218,-0.32534623
1PGA,A,G9I,0.5926,-0.036066588,-0.32950956,-2.7458718,-3.0393147,-0.29344296
1PGA,A,G9K,1.227,-0.036066588,-0.5002262,-2.7458718,-3.2100315,-0.46415973
1PGA,A,G9M,0.5478,-0.036066588,-0.28870243,-2.7458718,-2.9985077,-0.25263596
1PGA,A,G9N,1.29,-0.036066588,-0.22283125,-2.7458718,-2.9326365,-0.18676472
1PGA,A,G9P,2.381,-0.036066588,-0.4389816,-2.7458718,-3.1487868,-0.402915
1PGA,A,G9Q,1.055,-0.036066588,-0.33421454,-2.7458718,-3.0440197,-0.29814792
1PGA,A,G9R,0.8811,-0.036066588,-0.4316426,-2.7458718,-3.1414478,-0.395576
1PGA,A,G9S,-0.02543,-0.036066588,-0.12231201,-2.7458718,-2.8321173,-0.08624554
1PGA,A,G9T,-0.3,-0.036066588,-0.20349917,-2.7458718,-2.9133043,-0.16743255
1PGA,A,G9V,0.4168,-0.036066588,-0.234027,-2.7458718,-2.9438322,-0.19796038
1PGA,A,G9Y,0.5363,-0.036066588,-0.40099972,-2.7458718,-3.110805,-0.36493325
1PGA,A,N8P,1.448,-0.16737592,-0.54666364,-2.9372356,-3.3165233,-0.37928772
1PGA,A,N8Q,-0.2871,-0.16737592,-0.23198238,-2.9372356,-3.001842,-0.06460643
1PGA,A,N8R,-0.6361,-0.16737592,-0.20044021,-2.9372356,-2.9702997,-0.033064127
1PGA,A,N8S,0.04427,-0.16737592,-0.26839027,-2.9372356,-3.03825,-0.101014376
1PGA,A,N8T,0.6143,-0.16737592,-0.24332485,-2.9372356,-3.0131845,-0.07594895
1PGA,A,N8V,-0.1292,-0.16737592,-0.17740169,-2.9372356,-2.9472613,-0.01002574
1PGA,A,N8Y,-0.2102,-0.16737592,-0.17122974,-2.9372356,-2.9410894,-0.003853798
1PGA,A,L7N,4.0,-0.106090024,-0.32070845,-2.817385,-3.0320034,-0.21461844
1PGA,A,L7P,2.882,-0.106090024,-0.5193602,-2.817385,-3.2306552,-0.41327024
1PGA,A,L7Q,1.537,-0.106090024,-0.3024161,-2.817385,-3.013711,-0.19632602
1PGA,A,L7R,2.072,-0.106090024,-0.3366987,-2.817385,-3.0479937,-0.2306087
1PGA,A,L7S,1.794,-0.106090024,-0.42360878,-2.817385,-3.1349037,-0.3175187
1PGA,A,L7T,1.135,-0.106090024,-0.28163877,-2.817385,-2.9929338,-0.17554879
1PGA,A,L7V,-0.08476,-0.106090024,-0.09421161,-2.817385,-2.8055067,0.011878252
1PGA,A,L7Y,0.02215,-0.106090024,-0.20101419,-2.817385,-2.9123092,-0.09492421
1PGA,A,I6K,0.4732,-0.11795844,-0.22937128,-2.8750834,-2.9864962,-0.11141276
1PGA,A,I6L,0.1139,-0.11795844,-0.14544916,-2.8750834,-2.902574,-0.027490616
1PGA,A,I6M,0.5008,-0.11795844,-0.2026525,-2.8750834,-2.9597776,-0.08469415
1PGA,A,I6N,0.7986,-0.11795844,-0.22703728,-2.8750834,-2.9841623,-0.109078884
1PGA,A,I6P,4.0,-0.11795844,-0.6061179,-2.8750834,-3.3632429,-0.48815942
1PGA,A,I6Q,0.5795,-0.11795844,-0.23841324,-2.8750834,-2.9955382,-0.12045479
1PGA,A,I6R,0.6629,-0.11795844,-0.18849145,-2.8750834,-2.9456165,-0.07053304
1PGA,A,I6S,1.38,-0.11795844,-0.3194086,-2.8750834,-3.0765336,-0.20145011
1PGA,A,I6T,0.9127,-0.11795844,-0.2508201,-2.8750834,-3.007945,-0.13286161
1PGA,A,I6V,-0.4875,-0.11795844,-0.14842924,-2.8750834,-2.9055543,-0.030470848
1PGA,A,I6Y,0.21,-0.11795844,-0.16240506,-2.8750834,-2.9195302,-0.044446707
1PGA,A,L5M,0.6775,0.019910354,-0.14291148,-2.6838534,-2.8466752,-0.16282177
1PGA,A,L5N,4.0,0.019910354,-0.26332265,-2.6838534,-2.9670863,-0.28323293
1PGA,A,L5P,1.653,0.019910354,-0.65887517,-2.6838534,-3.362639,-0.67878556
1PGA,A,L5Q,4.0,0.019910354,-0.26390955,-2.6838534,-2.9676733,-0.2838199
1PGA,A,L5R,-0.7247,0.019910354,-0.4829545,-2.6838534,-3.1867182,-0.50286484
1PGA,A,L5S,4.0,0.019910354,-0.40715003,-2.6838534,-3.1109138,-0.42706037
1PGA,A,L5T,4.0,0.019910354,-0.32107258,-2.6838534,-3.0248363,-0.3409829
1PGA,A,L5V,1.251,0.019910354,-0.16107076,-2.6838534,-2.8648345,-0.18098116
1PGA,A,L5Y,2.758,0.019910354,-0.23200297,-2.6838534,-2.9357667,-0.2519133
1PGA,A,K4L,0.2145,-0.20475498,-0.16135213,-2.9607258,-2.9173229,0.04340291
1PGA,A,K4M,-0.491,-0.20475498,-0.18867233,-2.9607258,-2.944643,0.016082764
1PGA,A,K4N,0.2063,-0.20475498,-0.25548604,-2.9607258,-3.011457,-0.050731182
1PGA,A,K4P,4.0,-0.20475498,-0.5074614,-2.9607258,-3.2634323,-0.30270648
1PGA,A,K4Q,0.1725,-0.20475498,-0.22672494,-2.9607258,-2.9826958,-0.021970034
1PGA,A,K4R,-0.773,-0.20475498,-0.15189376,-2.9607258,-2.9078646,0.052861214
1PGA,A,K4S,-0.1752,-0.20475498,-0.28785175,-2.9607258,-3.0438225,-0.08309674
1PGA,A,K4T,-0.4815,-0.20475498,-0.2308757,-2.9607258,-2.9868464,-0.026120663
1PGA,A,K4V,0.2696,-0.20475498,-0.17074844,-2.9607258,-2.9267192,0.034006596
1PGA,A,K4Y,-0.8246,-0.20475498,-0.20624104,-2.9607258,-2.9622118,-0.001486063
1PGA,A,T2V,-1.309,-0.2023404,-0.15978126,-2.9733384,-2.9307792,0.042559147
1PGA,A,T2Y,-0.1476,-0.2023404,-0.19321448,-2.9733384,-2.9642124,0.009125948
1PGA,A,M1P,-0.05926,-0.18423203,-0.27482575,-2.966332,-3.0569258,-0.090593815
1PGA,A,M1Q,-0.4025,-0.18423203,-0.21944427,-2.966332,-3.0015442,-0.03521228
1PGA,A,M1R,-0.5102,-0.18423203,-0.19373086,-2.966332,-2.9758308,-0.009498835
1PGA,A,M1S,-0.68,-0.18423203,-0.19682142,-2.966332,-2.9789214,-0.012589455
1PGA,A,M1T,-0.4983,-0.18423203,-0.21554966,-2.966332,-2.9976497,-0.03131771
1PGA,A,M1Y,-0.68,-0.18423203,-0.24968891,-2.966332,-3.0317888,-0.06545687
